# Fibre lengths: [x0, y0, x1, y1, length01, angle01]
8.888796875000000000e+03 7.917524414062500000e+02 9.262016601562500000e+03 1.304216796875000000e+03 6.339658349796056882e+02 6.294575686143828452e-01
1.924676269531250000e+03 1.165261596679687500e+03 1.497185668945312500e+03 1.356652221679687500e+03 4.683786768494229591e+02 1.149850720000165749e+00
4.149000000000000000e+03 1.671558349609375000e+03 4.137000000000000000e+03 2.439441650390625000e+03 7.679770593049688614e+02 1.562610265330181478e-02
1.917369384765625000e+03 2.818885742187500000e+03 1.994035400390625000e+03 3.149615722656250000e+03 3.394996287666195940e+02 2.277853305158233921e-01
4.366545104980468750e+02 3.849862304687500000e+03 7.965206298828125000e+02 4.197934570312500000e+03 5.006574936804311164e+02 8.020560578061050050e-01
9.648816406250000000e+03 5.079761718750000000e+03 9.938550781250000000e+03 5.542216796875000000e+03 5.457203563550112904e+02 5.596869740991030628e-01
1.940738525390625000e+03 6.541823242187500000e+03 1.670123535156250000e+03 7.119262695312500000e+03 6.377058843737055440e+02 4.382517178208297781e-01
5.644885742187500000e+03 7.197773437500000000e+03 5.907006835937500000e+03 8.111205078125000000e+03 9.502972323876227847e+02 2.794537594895342147e-01
6.147050781250000000e+03 8.537876953125000000e+03 6.029685546875000000e+03 8.595652343750000000e+03 1.308151138124720774e+02 1.113351772518222260e+00
2.462393066406250000e+03 8.704009765625000000e+03 2.597441650390625000e+03 8.710000000000000000e+03 1.351813705510201657e+02 1.526469238727707456e+00
