# Fibre lengths: [x0, y0, x1, y1, length01, angle01]
7.960834472656250000e+03 6.548805236816406250e+00 7.973000000000000000e+03 7.754415893554687500e+02 7.689890204192021201e+02 1.582081738132539578e-02
6.015441406250000000e+03 2.972000000000000000e+03 5.276392578125000000e+03 2.996990478515625000e+03 7.394712261943501517e+02 1.536994825071546611e+00
4.482057617187500000e+03 3.317569580078125000e+03 4.881878906250000000e+03 3.380046875000000000e+03 4.046732948544469082e+02 1.415786843860730837e+00
5.041441406250000000e+03 5.820000000000000000e+03 4.232392578125000000e+03 5.860990234375000000e+03 8.100865420463131841e+02 1.520174888303017502e+00
8.006478271484375000e+02 6.048451171875000000e+03 1.211698608398437500e+03 6.305532714843750000e+03 4.848233332889709573e+02 1.011891262798858993e+00
5.789520019531250000e+03 6.054275390625000000e+03 5.289796875000000000e+03 6.741247558593750000e+03 8.495021958440631806e+02 6.288981729729555825e-01
2.515267578125000000e+03 7.015088867187500000e+03 2.140597900390625000e+03 7.230931152343750000e+03 4.323947958464028147e+02 1.048145612496913737e+00
1.451941650390625000e+03 7.562000000000000000e+03 1.109892944335937500e+03 7.584990234375000000e+03 3.428204605771123283e+02 1.503683933056191524e+00
8.445960937500000000e+03 8.843257812500000000e+03 8.936911132812500000e+03 9.693267578125000000e+03 9.816051629526249371e+02 5.237724282321143399e-01
1.304789306640625000e+03 8.864297851562500000e+03 1.476912109375000000e+03 9.551648437500000000e+03 7.085739814654226620e+02 2.453690841860215466e-01
