# Fibre lengths: [x0, y0, x1, y1, length01, angle01]
2.437834472656250000e+03 3.605488891601562500e+02 2.542991943359375000e+03 1.113886962890625000e+03 7.606420623240683199e+02 1.386925100391268040e-01
1.054532714843750000e+03 2.630301269531250000e+03 9.492833251953125000e+02 2.790729736328125000e+03 1.918716419384705318e+02 5.806178267206355548e-01
4.003000000000000000e+03 3.836558349609375000e+03 3.993834472656250000e+03 4.018451171875000000e+03 1.821236000172500269e+02 5.034713057152453292e-02
3.161834472656250000e+03 4.925048828125000000e+03 3.191000000000000000e+03 5.270941406250000000e+03 3.471200132334611794e+02 8.412062654890654911e-02
4.998000000000000000e+03 5.064558105468750000e+03 4.998000000000000000e+03 5.907441406250000000e+03 8.428833007812500000e+02 0.000000000000000000e+00
2.935173339843750000e+03 5.913925292968750000e+03 2.146708251953125000e+03 6.082074707031250000e+03 8.061956463985234222e+02 1.360682245315219863e+00
2.671510742187500000e+03 7.927731445312500000e+03 2.401859863281250000e+03 8.376234375000000000e+03 5.233225338480884830e+02 5.413192656854646234e-01
4.872441406250000000e+03 8.225000000000000000e+03 4.222393066406250000e+03 8.234990234375000000e+03 6.501251025121879366e+02 1.555429088167175511e+00
9.644085937500000000e+03 8.800080078125000000e+03 9.763777343750000000e+03 8.863887695312500000e+03 1.356371805267607442e+02 1.081019842934414221e+00
4.148196289062500000e+03 8.967361328125000000e+03 3.862165527343750000e+03 9.089611328125000000e+03 3.110605393639771137e+02 1.166893277812679486e+00
