# Fibre lengths: [x0, y0, x1, y1, length01, angle01]
7.460737304687500000e+03 1.891746093750000000e+03 8.363308593750000000e+03 2.067416503906250000e+03 9.195080341380427171e+02 1.378566360234895649e+00
6.909615722656250000e+03 2.079964355468750000e+03 6.638154296875000000e+03 2.143071777343750000e+03 2.787002913218756248e+02 1.342380565592868225e+00
4.338952636718750000e+03 2.430997802734375000e+03 4.961878906250000000e+03 2.529046875000000000e+03 6.305955580594184084e+02 1.414676441350978919e+00
6.575196777343750000e+03 3.181361816406250000e+03 5.774701660156250000e+03 3.505633300781250000e+03 8.636807443840549467e+02 1.185910896562753614e+00
4.207166992187500000e+03 3.619113281250000000e+03 3.850416503906250000e+03 3.800947998046875000e+03 4.004182502353133373e+02 1.099421104967577278e+00
5.055169921875000000e+03 3.815252929687500000e+03 5.114691894531250000e+03 3.952697265625000000e+03 1.497792065347914843e+02 4.086796972211705903e-01
9.634934570312500000e+03 3.962479492187500000e+03 9.402654296875000000e+03 4.202230468750000000e+03 3.338182981666406590e+02 7.695727716405276198e-01
2.070180908203125000e+03 5.898066406250000000e+03 1.949085937500000000e+03 5.930981445312500000e+03 1.254886119378033555e+02 1.305396591611340806e+00
6.171281250000000000e+03 6.071527832031250000e+03 5.832598144531250000e+03 6.266930664062500000e+03 3.910096069098422049e+02 1.047498659465007087e+00
1.533929595947265625e+02 6.470009765625000000e+03 4.814416198730468750e+02 6.486000000000000000e+03 3.284381389329933540e+02 1.522091392269150800e+00
