# Fibre lengths: [x0, y0, x1, y1, length01, angle01]
9.132369140625000000e+03 4.238864135742187500e+02 9.332035156250000000e+03 1.286615722656250000e+03 8.855328218336809414e+02 2.274311463416311407e-01
7.559789550781250000e+03 1.540297607421875000e+03 7.781035156250000000e+03 2.497615722656250000e+03 9.825515720282218126e+02 2.271221806137924681e-01
7.397695800781250000e+03 2.538995117187500000e+03 6.603187011718750000e+03 2.796994140625000000e+03 8.353488564619358385e+02 1.256810720096199763e+00
4.473441406250000000e+03 2.943000000000000000e+03 3.868393066406250000e+03 2.962990478515625000e+03 6.053784872118942531e+02 1.537768867588702237e+00
9.722833984375000000e+03 3.859048828125000000e+03 9.756000000000000000e+03 4.343941406250000000e+03 4.860255105579818746e+02 6.829232027717269116e-02
4.103654296875000000e+03 4.126862304687500000e+03 4.776184570312500000e+03 4.754184570312500000e+03 9.196902704926270644e+02 8.201634862093762912e-01
8.543184570312500000e+03 5.135815429687500000e+03 8.072654296875000000e+03 5.606137695312500000e+03 6.652832267266337567e+02 7.856192477868449986e-01
8.541057617187500000e+03 5.788569335937500000e+03 8.940878906250000000e+03 5.851046875000000000e+03 4.046733325472601450e+02 1.415786247791319452e+00
3.211184570312500000e+03 7.185815429687500000e+03 2.707654541015625000e+03 7.656137695312500000e+03 6.890177965381916465e+02 8.194843403690387218e-01
2.411393066406250000e+03 7.377509765625000000e+03 3.061441650390625000e+03 7.468000000000000000e+03 6.563167254133734332e+02 1.432479853938511516e+00
