# Fibre lengths: [x0, y0, x1, y1, length01, angle01]
4.712393066406250000e+03 5.400951385498046875e+01 5.363441894531250000e+03 1.215000381469726562e+02 6.545376593230856770e+02 1.467500981225758894e+00
4.036701660156250000e+03 7.603667602539062500e+02 4.152196777343750000e+03 8.076380615234375000e+02 1.247946233532083937e+02 1.182304811767102670e+00
1.788778442382812500e+03 1.668769653320312500e+03 8.527374267578125000e+02 1.850253906250000000e+03 9.534722423824032376e+02 1.379287490352321122e+00
2.286580566406250000e+03 2.082658203125000000e+03 2.486738525390625000e+03 2.491176269531250000e+03 4.549178157921406864e+02 4.555842799445071756e-01
5.618091796875000000e+03 3.546074218750000000e+03 5.871772460937500000e+03 3.692902343750000000e+03 2.931081329649633176e+02 1.046117559771173822e+00
3.969441650390625000e+03 3.580000000000000000e+03 3.869393066406250000e+03 3.583990478515625000e+03 1.001281332896114833e+02 1.530932049902929304e+00
1.342115234375000000e+03 6.095426757812500000e+03 1.671721435546875000e+03 6.362611816406250000e+03 4.242971875781174163e+02 8.896138241013037407e-01
9.236085937500000000e+03 6.593080078125000000e+03 9.365167968750000000e+03 6.658886718750000000e+03 1.448885252253396345e+02 1.099335670287809208e+00
7.349803710937500000e+03 8.228588867187500000e+03 7.441886718750000000e+03 8.409167968750000000e+03 2.027019788973867662e+02 4.715613624191156150e-01
5.720504760742187500e+02 9.441876953125000000e+03 4.506312866210937500e+02 9.502194335937500000e+03 1.355758320527797025e+02 1.109736239380466838e+00
