# Fibre lengths: [x0, y0, x1, y1, length01, angle01]
7.964630859375000000e+03 4.308058471679687500e+02 8.170050292968750000e+03 5.311226806640625000e+02 2.286057977844395452e+02 1.116511083828509943e+00
2.298097686767578125e+02 6.167213134765625000e+02 4.552200927734375000e+02 8.737402954101562500e+02 3.418604558640135451e+02 7.199719065800929130e-01
4.722518920898437500e+02 8.759990234375000000e+02 8.214013671875000000e+01 1.180995361328125000e+03 4.951867807256251695e+02 9.072407999191107741e-01
4.356304016113281250e+02 8.888210449218750000e+02 5.650009155273437500e+02 1.060251831054687500e+03 2.147678847151223636e+02 6.464714802344030398e-01
7.768654296875000000e+03 1.962362060546875000e+03 7.907184570312500000e+03 2.088184570312500000e+03 1.871414989316621700e+02 8.334324171610095755e-01
1.623196777343750000e+03 1.979361816406250000e+03 1.367165527343750000e+03 2.083611816406250000e+03 2.764417903945828812e+02 1.184118354760322234e+00
5.803000000000000000e+03 2.382058349609375000e+03 5.722834472656250000e+03 3.149451171875000000e+03 7.715686978092765003e+02 1.040872511431827213e-01
5.633953125000000000e+03 4.906768066406250000e+03 5.538546875000000000e+03 5.396199707031250000e+03 4.986438442254568031e+02 1.925184790382688804e-01
1.481721435546875000e+03 5.249388183593750000e+03 1.387115234375000000e+03 5.326573242187500000e+03 1.220977746328486688e+02 8.864614550813045835e-01
7.901024902343750000e+03 5.640264160156250000e+03 7.763310546875000000e+03 5.836758300781250000e+03 2.399483090211942056e+02 6.113011107005428268e-01
4.244654296875000000e+03 8.511769531250000000e+03 4.450770507812500000e+03 8.717770507812500000e+03 2.914108693167357842e+02 7.856777789424728153e-01
