# Fibre lengths: [x0, y0, x1, y1, length01, angle01]
8.993154296875000000e+03 1.393621673583984375e+02 9.636681640625000000e+03 6.996820068359375000e+02 8.532794176974302900e+02 8.544064076427990706e-01
3.439834472656250000e+03 1.201548828125000000e+03 3.452000000000000000e+03 1.564441650390625000e+03 3.630966820386300924e+02 3.351119750177315032e-02
1.083206420898437500e+03 2.297498046875000000e+03 6.926711425781250000e+02 2.447503906250000000e+03 4.183533930298118548e+02 1.204068730310937196e+00
8.461123046875000000e+03 2.815737304687500000e+03 8.603738281250000000e+03 3.120676269531250000e+03 3.366405759200960688e+02 4.374626648132364237e-01
6.446975585937500000e+03 3.050255615234375000e+03 6.786886718750000000e+03 3.689166992187500000e+03 7.237038937369449059e+02 4.889312301518475845e-01
8.443115234375000000e+03 3.442426757812500000e+03 9.060720703125000000e+03 3.942611816406250000e+03 7.947462537630110546e+02 8.900611920351728656e-01
3.984878906250000000e+03 4.556953125000000000e+03 3.524952636718750000e+03 4.629001953125000000e+03 4.655353982664667569e+02 1.415406217224895125e+00
1.259375366210937500e+03 6.903295898437500000e+03 1.501994384765625000e+03 7.606705078125000000e+03 7.440755756192253330e+02 3.321409455981645942e-01
6.512064208984375000e+02 8.192498046875000000e+03 5.367134094238281250e+01 8.422503906250000000e+03 6.402740562641289443e+02 1.203353287326948795e+00
7.750261718750000000e+03 8.228331054687500000e+03 8.729307617187500000e+03 8.418416015625000000e+03 9.973280120511518589e+02 1.379028893153228852e+00
