# Fibre lengths: [x0, y0, x1, y1, length01, angle01]
3.236706054687500000e+03 5.944979248046875000e+02 2.369671386718750000e+03 9.105035400390625000e+02 9.228264540634584137e+02 1.221291798715239185e+00
5.706854492187500000e+03 1.197084350585937500e+03 5.634570312500000000e+03 1.607822021484375000e+03 4.170496816066017800e+02 1.742024430461475148e-01
4.849999389648437500e+02 1.757058349609375000e+03 4.718346557617187500e+02 1.960451293945312500e+03 2.038185822918515271e+02 6.463814608322444866e-02
1.700441650390625000e+03 1.867000000000000000e+03 1.023392944335937500e+03 1.889990478515625000e+03 6.774389363423865689e+02 1.536852464463803525e+00
5.070738281250000000e+03 6.001324218750000000e+03 4.919124023437500000e+03 6.340762695312500000e+03 3.717598183546818973e+02 4.200745508576633203e-01
6.865005371093750000e+03 6.469304687500000000e+03 6.785885253906250000e+03 6.726226074218750000e+03 2.688281828552379125e+02 2.987385012535711537e-01
5.933654296875000000e+03 8.553361328125000000e+03 6.555184570312500000e+03 9.113684570312500000e+03 8.368165967132853211e+02 8.371409531443243512e-01
2.502912109375000000e+03 8.851351562500000000e+03 2.256928222656250000e+03 9.770777343750000000e+03 9.517624912510660806e+02 2.614182909128223153e-01
3.334156982421875000e+03 9.178271484375000000e+03 3.715679199218750000e+03 9.630683593750000000e+03 5.918073323462109556e+02 7.005954708808522780e-01
5.742816406250000000e+03 9.265761718750000000e+03 6.006551269531250000e+03 9.686216796875000000e+03 4.963250455408023072e+02 5.602231934971483307e-01
