# Fibre lengths: [x0, y0, x1, y1, length01, angle01]
9.012654296875000000e+03 2.917692260742187500e+02 9.452184570312500000e+03 7.621843872070312500e+02 6.437991030528494321e+02 7.514697159606069654e-01
9.851500000000000000e+03 1.040558349609375000e+03 9.838833984375000000e+03 1.149451171875000000e+03 1.096269797667788595e+02 1.157960004416608568e-01
2.573521728515625000e+03 1.721050781250000000e+03 2.466834472656250000e+03 2.485451171875000000e+03 7.718096447638215523e+02 1.386740457236821100e-01
1.182648193359375000e+03 3.389451171875000000e+03 2.005216552734375000e+03 3.903551269531250000e+03 9.700090805013347790e+02 1.012201493520257234e+00
4.986571289062500000e+03 5.045764648437500000e+03 4.841806640625000000e+03 5.726172851562500000e+03 6.956379276010072772e+02 2.096355512797572207e-01
4.453721191406250000e+03 5.765388183593750000e+03 4.355115234375000000e+03 5.845573242187500000e+03 1.270935812058651635e+02 8.880662397695575638e-01
8.714794921875000000e+02 7.077065429687500000e+03 1.191395996093750000e+03 7.396934570312500000e+03 4.523967689935171279e+02 7.854721933191390892e-01
7.784809570312500000e+03 7.785721679687500000e+03 8.367000976562500000e+03 8.557251953125000000e+03 9.665432201106664252e+02 6.464342057758160065e-01
2.564784423828125000e+03 8.227076171875000000e+03 2.581046875000000000e+03 8.333878906250000000e+03 1.080337511525654008e+02 1.511055825617566850e-01
7.890687011718750000e+03 8.482013671875000000e+03 8.174205078125000000e+03 8.569006835937500000e+03 2.965641660287766967e+02 1.273081074280651537e+00
