# Fibre lengths: [x0, y0, x1, y1, length01, angle01]
7.934000000000000000e+03 5.035582885742187500e+02 7.902834960937500000e+03 1.413451293945312500e+03 9.104265708353466380e+02 3.423793822894666272e-02
7.330123535156250000e+03 5.907374267578125000e+02 7.423123046875000000e+03 7.800503540039062500e+02 2.109224824489099035e+02 4.566211649012977825e-01
7.816413085937500000e+03 8.487779541015625000e+02 7.974969726562500000e+03 1.483609130859375000e+03 6.543323553592580311e+02 2.447545560703341672e-01
7.953648437500000000e+03 3.661087890625000000e+03 7.595085937500000000e+03 3.756981445312500000e+03 3.711638994256506976e+02 1.309473124366162144e+00
4.920000000000000000e+03 4.352558105468750000e+03 4.906000000000000000e+03 5.236441406250000000e+03 8.839941681934093367e+02 1.583787066689754455e-02
8.801843872070312500e+02 4.722815429687500000e+03 6.476546020507812500e+02 4.940137695312500000e+03 3.182751453085754747e+02 8.191908966478020915e-01
8.635886718750000000e+03 4.870007812500000000e+03 8.299392578125000000e+03 4.915990234375000000e+03 3.396213918416326010e+02 1.434986036142417154e+00
7.478006835937500000e+03 7.437794921875000000e+03 7.202884765625000000e+03 8.395225585937500000e+03 9.961755016362307060e+02 2.798154840690651457e-01
4.235717163085937500e+02 9.378134765625000000e+03 1.123778564453125000e+03 9.501230468750000000e+03 7.109445704950118170e+02 1.396775453309802906e+00
1.220501953125000000e+03 9.425793945312500000e+03 1.156375732421875000e+03 9.592205078125000000e+03 1.783391076169369285e+02 3.678120062366988519e-01
