# Fibre lengths: [x0, y0, x1, y1, length01, angle01]
7.804794921875000000e+02 4.400657348632812500e+02 9.065206298828125000e+02 5.659343872070312500e+02 1.781271625394637113e+02 7.860828740813021742e-01
7.402796875000000000e+03 1.332752441406250000e+03 7.951540039062500000e+03 2.087234375000000000e+03 9.329319633417474051e+02 6.288214522860280375e-01
2.422697265625000000e+03 2.620308105468750000e+03 2.088165527343750000e+03 2.762611816406250000e+03 3.635406855691097121e+02 1.168602340958303287e+00
1.218000000000000000e+03 3.694558105468750000e+03 1.189834594726562500e+03 3.898451171875000000e+03 2.058292316041636809e+02 1.372693898082821551e-01
7.843311523437500000e+03 4.205242187500000000e+03 8.159510742187500000e+03 4.672731445312500000e+03 5.643829835388310130e+02 5.946953960278115181e-01
1.778885131835937500e+03 4.854773925781250000e+03 2.074005126953125000e+03 5.761695800781250000e+03 9.537311460110151984e+02 3.146012374129377731e-01
1.169809814453125000e+03 5.075721679687500000e+03 1.652000976562500000e+03 5.692251953125000000e+03 7.826991087776375480e+02 6.637334635015968987e-01
2.333393066406250000e+03 5.277009765625000000e+03 3.026441650390625000e+03 5.312000000000000000e+03 6.939313051479697378e+02 1.520351739255139112e+00
4.297173339843750000e+03 5.732925292968750000e+03 4.106708007812500000e+03 5.774074707031250000e+03 1.948597366914503937e+02 1.358019890057446943e+00
8.675994140625000000e+03 8.293294921875000000e+03 8.513873046875000000e+03 8.763714843750000000e+03 4.975722580043801031e+02 3.318833926207301332e-01
