# Fibre lengths: [x0, y0, x1, y1, length01, angle01]
4.713884765625000000e+03 1.731774169921875000e+03 4.894006835937500000e+03 2.360205078125000000e+03 6.537349360395738813e+02 2.791385865750999340e-01
5.764393066406250000e+03 1.886009521484375000e+03 6.635441406250000000e+03 1.977000000000000000e+03 8.757879181200522680e+02 1.466712937247274251e+00
5.262343750000000000e+02 3.511460205078125000e+03 2.836243896484375000e+02 3.688037109375000000e+03 3.000650064958476833e+02 9.416408275346748180e-01
7.936885253906250000e+03 4.720773925781250000e+03 8.205006835937500000e+03 5.596205078125000000e+03 9.155702513979177866e+02 2.972025439242979017e-01
6.003861328125000000e+03 5.635226074218750000e+03 6.200006835937500000e+03 6.319205078125000000e+03 7.115478466130084598e+02 2.792765710799816059e-01
5.676369140625000000e+03 6.320886230468750000e+03 5.806074707031250000e+03 6.928173339843750000e+03 6.209840313323760483e+02 2.104203711424056933e-01
5.923929443359375000e+02 7.096009765625000000e+03 1.089441650390625000e+03 7.156000000000000000e+03 5.006558143185861240e+02 1.450684423525216760e+00
6.700000000000000000e+03 7.733558593750000000e+03 6.661834472656250000e+03 8.100451171875000000e+03 3.688722968191509040e+02 1.036509167640915219e-01
7.140085937500000000e+03 7.765018554687500000e+03 7.607648437500000000e+03 7.889912109375000000e+03 4.839556709128735292e+02 1.309774220524887234e+00
5.456778320312500000e+03 9.860769531250000000e+03 5.069061523437500000e+03 9.928181640625000000e+03 3.935336161872286311e+02 1.398647818375512664e+00
