# Fibre lengths: [x0, y0, x1, y1, length01, angle01]
3.782735839843750000e+03 2.197514724731445312e+01 3.696618408203125000e+03 8.303143310546875000e+01 1.055655345042612510e+02 9.540631186469626934e-01
7.814609375000000000e+03 5.030302124023437500e+02 7.673168945312500000e+03 5.385172729492187500e+02 1.458243005004385395e+02 1.324973067559503503e+00
7.302975585937500000e+03 1.141255615234375000e+03 7.585887695312500000e+03 1.651777221679687500e+03 5.836707738772898892e+02 5.060336393753497308e-01
6.374216796875000000e+03 1.447983154296875000e+03 6.254581054687500000e+03 1.538021240234375000e+03 1.497316523920129612e+02 9.256320856690559706e-01
5.735695800781250000e+03 2.429994873046875000e+03 4.952189453125000000e+03 2.684501464843750000e+03 8.238056822368353096e+02 1.256717934947046977e+00
9.681692382812500000e+03 2.442302978515625000e+03 9.449169921875000000e+03 2.988747070312500000e+03 5.938584345617588269e+02 4.023103449373020002e-01
7.273698730468750000e+03 2.991467285156250000e+03 7.188648437500000000e+03 3.045548583984375000e+03 1.007885867398048276e+02 1.004415451011215543e+00
5.610085937500000000e+03 4.814018554687500000e+03 6.034648437500000000e+03 4.927912109375000000e+03 4.395737232883746515e+02 1.308706054715790046e+00
9.634736328125000000e+03 5.081975097656250000e+03 9.123095703125000000e+03 5.427534179687500000e+03 6.174036024552098070e+02 9.767759364367435415e-01
5.198345947265625000e+02 7.646548828125000000e+03 6.305000000000000000e+02 8.555441406250000000e+03 9.156050188236428085e+02 1.211621098044433215e-01
