# Fibre lengths: [x0, y0, x1, y1, length01, angle01]
8.040000000000000000e+03 4.845582885742187500e+02 7.975834960937500000e+03 1.406951293945312500e+03 9.246220896103503719e+02 6.945178220066644537e-02
2.904375000000000000e+03 9.057960205078125000e+02 3.177501953125000000e+03 1.655206298828125000e+03 7.976303014401310065e+02 3.494945848618341566e-01
5.977520507812500000e+03 1.679065917968750000e+03 5.564654296875000000e+03 2.078137695312500000e+03 5.742097104770937221e+02 8.023860452275495270e-01
9.572205078125000000e+03 1.725993164062500000e+03 9.270687500000000000e+03 1.812985595703125000e+03 3.138160816164689209e+02 1.289908979980182613e+00
2.953185546875000000e+03 4.384347656250000000e+03 3.346676269531250000e+03 4.559738281250000000e+03 4.308094940393357888e+02 1.151498993407832350e+00
2.600809570312500000e+03 6.424721679687500000e+03 3.213000976562500000e+03 7.207251953125000000e+03 9.935451407623717159e+02 6.638689403583057924e-01
7.179214843750000000e+03 6.558987792968750000e+03 6.353647949218750000e+03 7.055548828125000000e+03 9.633968854949753222e+02 1.029290138374308716e+00
8.132912109375000000e+03 7.351351562500000000e+03 8.048433593750000000e+03 7.666733398437500000e+03 3.265001103238887481e+02 2.617171654339712217e-01
3.637697021484375000e+03 8.493307617187500000e+03 3.110701660156250000e+03 8.706632812500000000e+03 5.685347393224773214e+02 1.186162999744243329e+00
3.901441894531250000e+03 9.280000000000000000e+03 3.273393066406250000e+03 9.344990234375000000e+03 6.314024557073746564e+02 1.467683737148834933e+00
