# Fibre lengths: [x0, y0, x1, y1, length01, angle01]
4.613941406250000000e+03 3.380000000000000000e+02 4.252892578125000000e+03 3.619904174804687500e+02 3.618449894931847552e+02 1.504447395861274739e+00
1.889169677734375000e+03 2.790252929687500000e+03 2.195638183593750000e+03 3.547196533203125000e+03 8.166312288829625459e+02 3.847029804840947920e-01
1.814789550781250000e+03 4.796297851562500000e+03 1.885035522460937500e+03 5.098615722656250000e+03 3.103716992895465410e+02 2.283067469885168288e-01
1.966501953125000000e+03 5.266793945312500000e+03 1.854375732421875000e+03 5.558205078125000000e+03 3.122382707104150086e+02 3.673083954017868913e-01
4.512778320312500000e+03 6.728769531250000000e+03 3.985062011718750000e+03 6.821181640625000000e+03 5.357466755052716962e+02 1.397437116152805858e+00
1.944648315429687500e+03 7.450087890625000000e+03 1.844085937500000000e+03 7.476981445312500000e+03 1.040963742817340005e+02 1.309479949071062466e+00
9.981216796875000000e+03 8.688449218750000000e+03 9.599147460937500000e+03 8.936562500000000000e+03 4.555624850625475233e+02 9.948477006544478307e-01
9.392833984375000000e+03 8.729048828125000000e+03 9.436000000000000000e+03 9.232941406250000000e+03 5.057381092961029481e+02 8.545648132458427693e-02
1.224322265625000000e+03 9.440759765625000000e+03 1.549017089843750000e+03 9.887216796875000000e+03 5.520422172506450806e+02 6.287945306129609779e-01
2.487176269531250000e+03 9.529261718750000000e+03 2.157631347656250000e+03 9.683194335937500000e+03 3.637239422526282624e+02 1.133807945891307734e+00
