# Fibre lengths: [x0, y0, x1, y1, length01, angle01]
2.542738525390625000e+03 9.738236694335937500e+02 2.325580322265625000e+03 1.437341918945312500e+03 5.118660496798813142e+02 4.381314049967658386e-01
4.521670837402343750e+02 1.579113525390625000e+03 1.354164123535156250e+02 1.740947998046875000e+03 3.556984458271691665e+02 1.098450380174514462e+00
6.339307617187500000e+03 2.215583251953125000e+03 5.920737304687500000e+03 2.296253906250000000e+03 4.262732233803028521e+02 1.380401750087674406e+00
5.026630859375000000e+03 3.896805664062500000e+03 5.426050292968750000e+03 4.092122802734375000e+03 4.446174407187829729e+02 1.115985286234283169e+00
9.326005859375000000e+03 4.062304199218750000e+03 9.047884765625000000e+03 4.971226074218750000e+03 9.505210769058263622e+02 2.969431970740618598e-01
7.774000000000000000e+03 5.427558105468750000e+03 7.757834960937500000e+03 5.901451171875000000e+03 4.741686903158101245e+02 3.409793233772419330e-02
6.100393066406250000e+03 7.038009765625000000e+03 6.920441406250000000e+03 7.123000000000000000e+03 8.244407920642985346e+02 1.467524515808098506e+00
8.031184570312500000e+03 7.438815429687500000e+03 7.952654296875000000e+03 7.515137695312500000e+03 1.095084109842781714e+02 7.996559741212952988e-01
6.090441406250000000e+03 8.277000000000000000e+03 5.526393066406250000e+03 8.344990234375000000e+03 5.681313242999877957e+02 1.450835366957222483e+00
3.740809570312500000e+03 8.469721679687500000e+03 3.885514404296875000e+03 8.654253906250000000e+03 2.345029458632862429e+02 6.650143583206430398e-01
