# Fibre lengths: [x0, y0, x1, y1, length01, angle01]
8.015154296875000000e+03 3.319284973144531250e+02 8.131615722656250000e+03 3.590354614257812500e+02 1.195744588042715435e+02 1.342113058296261041e+00
2.699806640625000000e+03 9.608267211914062500e+02 2.765571289062500000e+03 1.268235595703125000e+03 3.143647644260877314e+02 2.107552885207513715e-01
2.096085693359375000e+03 1.530079833984375000e+03 2.952777343750000000e+03 2.004887451171875000e+03 9.794707025676084413e+02 1.064708277391570368e+00
2.241085937500000000e+03 1.657018554687500000e+03 2.708648437500000000e+03 1.781911987304687500e+03 4.839556394104256469e+02 1.309774464215382350e+00
4.124441406250000000e+03 1.832000000000000000e+03 4.008393066406250000e+03 1.836990478515625000e+03 1.161555941670714702e+02 1.527819360127744330e+00
1.035169677734375000e+03 2.184252929687500000e+03 1.410692138671875000e+03 3.067697021484375000e+03 9.599430097663931747e+02 4.019269462014966043e-01
4.303001953125000000e+03 2.297793701171875000e+03 4.113375976562500000e+03 2.791205078125000000e+03 5.285951171681977030e+02 3.669131621440670510e-01
3.127975097656250000e+03 4.371255859375000000e+03 3.205887451171875000e+03 4.517777343750000000e+03 1.659484263673418809e+02 4.887214450651411468e-01
6.049887695312500000e+03 6.868222656250000000e+03 5.944975585937500000e+03 7.065744140625000000e+03 2.236543929441479293e+02 4.882503234400140113e-01
7.312731445312500000e+03 7.373489257812500000e+03 7.149121582031250000e+03 7.484020507812500000e+03 1.974470678168501365e+02 9.766495780050813424e-01
