# Fibre lengths: [x0, y0, x1, y1, length01, angle01]
2.789293289184570312e+01 1.161509765625000000e+03 2.794415588378906250e+02 1.187000000000000000e+03 2.528368313039768793e+02 1.469807821143075621e+00
6.383654296875000000e+03 2.919862304687500000e+03 7.057184570312500000e+03 3.548184570312500000e+03 9.211036308238756192e+02 8.201101201317905209e-01
1.821176391601562500e+03 3.252261718750000000e+03 9.261857910156250000e+02 3.670152343750000000e+03 9.877452857898475713e+02 1.133959677606100280e+00
2.401975097656250000e+03 4.656255859375000000e+03 2.842887451171875000e+03 5.450777343750000000e+03 9.086628046839712169e+02 5.066285824232282797e-01
5.230169921875000000e+03 6.514252929687500000e+03 5.566691894531250000e+03 7.306697265625000000e+03 8.609384784291379447e+02 4.015853670986602730e-01
9.562025390625000000e+03 7.083264160156250000e+03 9.094310546875000000e+03 7.775758300781250000e+03 8.356466417476015067e+02 5.940286771825273870e-01
6.731184570312500000e+03 7.511315429687500000e+03 6.525654296875000000e+03 7.696637695312500000e+03 2.767436276333685896e+02 8.370545513327732889e-01
4.591441406250000000e+03 8.322000000000000000e+03 4.348393066406250000e+03 8.350990234375000000e+03 2.447711772041807023e+02 1.452079559107893214e+00
4.264671386718750000e+03 8.573996093750000000e+03 4.495206542968750000e+03 8.662501953125000000e+03 2.469407730831811989e+02 1.204232935616623923e+00
9.692708984375000000e+03 9.934925781250000000e+03 9.861173828125000000e+03 9.971074218750000000e+03 1.722994866893204744e+02 1.359425893158049847e+00
