# Fibre lengths: [x0, y0, x1, y1, length01, angle01]
3.146393066406250000e+03 9.910096435546875000e+02 3.628441650390625000e+03 1.007000000000000000e+03 4.823137244787765781e+02 1.537636815912120092e+00
6.467809570312500000e+03 1.013721313476562500e+03 6.590000976562500000e+03 1.174251831054687500e+03 2.017443601076700190e+02 6.506132112004837653e-01
9.251152343750000000e+03 2.321364746093750000e+03 9.844683593750000000e+03 2.819679199218750000e+03 7.749817023129193103e+02 8.723852848428068629e-01
2.526152099609375000e+03 2.520364746093750000e+03 2.973684082031250000e+03 2.896679199218750000e+03 5.847199696617358313e+02 8.716289463860518172e-01
8.272000000000000000e+03 3.358558349609375000e+03 8.272000000000000000e+03 3.904441650390625000e+03 5.458833007812500000e+02 0.000000000000000000e+00
8.678833984375000000e+03 4.783548828125000000e+03 8.706000000000000000e+03 5.575441406250000000e+03 7.923584086096373085e+02 3.429172991608300108e-02
3.662885253906250000e+03 5.399773925781250000e+03 3.721006835937500000e+03 5.589205078125000000e+03 1.981471164970521102e+02 2.977033954536528193e-01
5.930679199218750000e+03 5.949315917968750000e+03 5.332157226562500000e+03 6.661728027343750000e+03 9.304620171379731346e+02 6.987386620334422593e-01
8.672441406250000000e+03 7.799000000000000000e+03 7.804558105468750000e+03 7.828000000000000000e+03 8.683676777580782300e+02 1.537394123984367145e+00
7.842085937500000000e+03 8.065080078125000000e+03 8.022777343750000000e+03 8.160887695312500000e+03 2.045201305587034142e+02 1.083259875541417339e+00
