# Fibre lengths: [x0, y0, x1, y1, length01, angle01]
6.794441406250000000e+03 2.529999847412109375e+02 5.924392578125000000e+03 2.819904174804687500e+02 8.705316815096939536e+02 1.537488183580091095e+00
7.378911132812500000e+03 4.227322692871093750e+02 6.897954101562500000e+03 1.254247192382812500e+03 9.605918661115482564e+02 5.243936456682372071e-01
1.157216674804687500e+03 3.209982910156250000e+03 6.776243896484375000e+02 3.559037109375000000e+03 5.931674249093898652e+02 9.416458103103110266e-01
3.898751953125000000e+03 4.639458984375000000e+03 3.574581054687500000e+03 4.893021484375000000e+03 4.115588813280864429e+02 9.070112835413142172e-01
1.639777099609375000e+03 5.282112304687500000e+03 9.400853271484375000e+02 5.653919921875000000e+03 7.923442942611342232e+02 1.082354973261340003e+00
8.668197265625000000e+03 5.922361816406250000e+03 8.309195312500000000e+03 6.068127929687500000e+03 3.874663367683531874e+02 1.185101190944978455e+00
6.435581054687500000e+03 6.183978515625000000e+03 6.746788085937500000e+03 6.427036132812500000e+03 3.948757039529069175e+02 9.077387673109991173e-01
4.623393066406250000e+03 7.220009277343750000e+03 4.777441406250000000e+03 7.238000000000000000e+03 1.550953162100957741e+02 1.454536757779022471e+00
1.913184326171875000e+03 9.536315429687500000e+03 1.652156738281250000e+03 9.835728515625000000e+03 3.972198354445743576e+02 7.170133284575115340e-01
6.808737304687500000e+03 9.868746093750000000e+03 7.410307617187500000e+03 9.985416015625000000e+03 6.127794966802219960e+02 1.379232218794181675e+00
