# Fibre lengths: [x0, y0, x1, y1, length01, angle01]
4.011184570312500000e+03 1.293157348632812500e+02 3.556154541015625000e+03 6.332307739257812500e+02 6.789570635579806321e+02 7.344643500877856557e-01
8.187157226562500000e+03 2.722719726562500000e+02 8.804681640625000000e+03 9.816816406250000000e+02 9.405309558811799207e+02 7.162622420940990553e-01
5.919061523437500000e+03 8.138182373046875000e+02 6.598778320312500000e+03 9.332303466796875000e+02 6.901262028204674834e+02 1.396891709892790212e+00
4.954795227050781250e+02 1.626065673828125000e+03 9.635206298828125000e+02 2.093934326171875000e+03 6.617881487712787703e+02 7.855824277779380749e-01
2.500140136718750000e+03 3.594004882812500000e+03 2.744251953125000000e+03 3.785000976562500000e+03 3.099517490463919103e+02 9.068719578239026191e-01
7.712912109375000000e+03 5.522351562500000000e+03 7.636928710937500000e+03 5.804776855468750000e+03 2.924679861909609713e+02 2.628158489034417844e-01
1.813809692382812500e+03 5.798721679687500000e+03 2.037000976562500000e+03 6.093251953125000000e+03 3.695435445315565630e+02 6.484663445489735611e-01
4.226738281250000000e+03 6.804323242187500000e+03 3.846580322265625000e+03 7.656341796875000000e+03 9.329821495135596479e+02 4.196769027578886035e-01
5.070123046875000000e+03 8.013949707031250000e+03 4.961123535156250000e+03 8.245262695312500000e+03 2.557080211931718452e+02 4.403604072642485767e-01
9.221771484375000000e+03 9.673354492187500000e+03 9.024654296875000000e+03 9.870138671875000000e+03 2.785304273920399396e+02 7.862435723269535215e-01
