# Fibre lengths: [x0, y0, x1, y1, length01, angle01]
1.745184326171875000e+03 9.158156738281250000e+02 1.282654541015625000e+03 1.363137939453125000e+03 6.434524158634962987e+02 8.021108845431306200e-01
8.440809570312500000e+03 1.647546386718750000e+03 9.380173828125000000e+03 1.847074707031250000e+03 9.603211751608711211e+02 1.361499126594597930e+00
2.997000976562500000e+03 2.812748046875000000e+03 2.416809570312500000e+03 3.581278808593750000e+03 9.629442349348972812e+02 6.466525612677596069e-01
8.055671386718750000e+03 2.940495849609375000e+03 8.875207031250000000e+03 3.255001953125000000e+03 8.778113475034555222e+02 1.204366686312104306e+00
2.701197998046875000e+03 3.065747070312500000e+03 2.804638183593750000e+03 3.319196533203125000e+03 2.737453236596348347e+02 3.874948044673751646e-01
6.421654296875000000e+03 3.844862060546875000e+03 6.893184570312500000e+03 4.301184570312500000e+03 6.561791155521809742e+02 8.017869724371714524e-01
1.967165283203125000e+03 3.956388183593750000e+03 2.483697021484375000e+03 4.176691894531250000e+03 5.615503198331234671e+02 1.167651061700984982e+00
4.176691406250000000e+03 5.013053710937500000e+03 4.616648437500000000e+03 5.130912109375000000e+03 4.554698578704917509e+02 1.309055752587841237e+00
2.930654541015625000e+03 6.603862304687500000e+03 3.155184326171875000e+03 6.814184570312500000e+03 3.076509058006246846e+02 8.180586220517396256e-01
3.005311035156250000e+03 8.195242187500000000e+03 3.498510498046875000e+03 8.925731445312500000e+03 8.813967698914366338e+02 5.938617731528776922e-01
