# Fibre lengths: [x0, y0, x1, y1, length01, angle01]
1.249273925781250000e+03 8.398197021484375000e+02 1.815527465820312500e+03 1.446520507812500000e+03 8.298969449276173691e+02 7.509285820901338004e-01
3.402572509765625000e+03 8.983320922851562500e+02 3.434546875000000000e+03 1.081075561523437500e+03 1.855196366463233915e+02 1.732151794962060454e-01
9.285583496093750000e+02 1.065000000000000000e+03 1.890441650390625000e+03 1.064999877929687500e+03 9.618833007812577307e+02 1.570796199887284805e+00
1.283233642578125000e+03 1.139190673828125000e+03 1.947165893554687500e+03 1.268277099609375000e+03 6.763647974338872473e+02 1.378765016909023089e+00
8.420000000000000000e+02 2.185558349609375000e+03 8.479998779296875000e+02 2.573441650390625000e+03 3.879297018277007396e+02 1.546702181346770386e-02
2.614334960937500000e+03 2.355730468750000000e+03 2.690459472656250000e+03 2.553260742187500000e+03 2.116911670540639818e+02 3.678410456592744460e-01
3.332920410156250000e+03 2.667218017578125000e+03 3.323000000000000000e+03 2.973441650390625000e+03 3.063842813046273932e+02 3.238463917201523518e-02
3.485562500000000000e+03 2.824324707031250000e+03 2.623225585937500000e+03 3.283038574218750000e+03 9.767514347596049902e+02 1.081922261763628823e+00
2.635383300781250000e+03 3.292566650390625000e+03 2.827915527343750000e+03 3.321496093750000000e+03 1.946935308586217843e+02 1.421654390767071341e+00
3.282702392578125000e+03 3.432657714843750000e+03 2.362188476562500000e+03 3.497130126953125000e+03 9.227689643142655314e+02 1.500870933889665526e+00
