# Fibre lengths: [x0, y0, x1, y1, length01, angle01]
3.976310424804687500e+02 1.061805908203125000e+03 7.970504150390625000e+02 1.257122558593750000e+03 4.446171713900783971e+02 1.115986212496903551e+00
7.225892578125000000e+03 1.188009643554687500e+03 7.479941406250000000e+03 1.209000000000000000e+03 2.549144996570165063e+02 1.488360257513666740e+00
4.540912109375000000e+03 1.897351562500000000e+03 4.479927734375000000e+03 2.125776855468750000e+03 2.364259048031748307e+02 2.608924084204904958e-01
8.962671875000000000e+03 2.353495849609375000e+03 9.576705078125000000e+03 2.576994628906250000e+03 6.534435544766974999e+02 1.221717576245218373e+00
8.014681640625000000e+03 2.778318359375000000e+03 7.835654296875000000e+03 2.983230712890625000e+03 2.721026689201947875e+02 7.180805678075493637e-01
8.536006835937500000e+03 3.086795166015625000e+03 8.419884765625000000e+03 3.465225830078125000e+03 3.958460593670801018e+02 2.977307899420914006e-01
6.072684570312500000e+03 3.435815917968750000e+03 5.454154296875000000e+03 4.121230468750000000e+03 9.232403834220701810e+02 7.341492839743788412e-01
2.688789306640625000e+03 3.556297607421875000e+03 2.856574707031250000e+03 4.280673339843750000e+03 7.435537252317213870e+02 2.276136474372592311e-01
3.244885253906250000e+03 4.192773925781250000e+03 3.334005126953125000e+03 4.482695800781250000e+03 3.033101471685488377e+02 2.982252289435722847e-01
8.610156250000000000e+03 6.150271972656250000e+03 8.754681640625000000e+03 6.314681640625000000e+03 2.189020955973319644e+02 7.211228843957432355e-01
