# Fibre lengths: [x0, y0, x1, y1, length01, angle01]
2.978885253906250000e+03 1.375773925781250000e+03 3.137006835937500000e+03 1.891205078125000000e+03 5.391397847594548693e+02 2.976610800891095754e-01
9.706545410156250000e+02 2.851862304687500000e+03 1.352184326171875000e+03 3.208184570312500000e+03 5.220445708380725591e+02 8.195482609603246260e-01
1.462784301757812500e+03 3.071076416015625000e+03 1.574047119140625000e+03 3.779878906250000000e+03 7.174819751703956854e+02 1.557023838358748691e-01
1.250809570312500000e+03 3.320721191406250000e+03 1.405540649414062500e+03 3.517751953125000000e+03 2.505251043376787550e+02 6.657218933021264995e-01
7.782834960937500000e+03 3.619548828125000000e+03 7.852000000000000000e+03 4.118441894531250000e+03 5.036646645703350487e+02 1.377588952994640847e-01
2.816197998046875000e+03 4.953747070312500000e+03 2.878638183593750000e+03 5.107196777343750000e+03 1.656671040342790491e+02 3.864488493610633291e-01
9.897000000000000000e+03 5.194558593750000000e+03 9.891833984375000000e+03 5.305451171875000000e+03 1.110128443048234459e+02 4.655210851440370889e-02
1.879581054687500000e+03 7.246978515625000000e+03 2.484251953125000000e+03 7.703000976562500000e+03 7.573528769977091315e+02 9.246340647565332027e-01
5.225648437500000000e+03 9.192451171875000000e+03 6.062216796875000000e+03 9.715550781250000000e+03 9.866508101834492663e+02 1.011986969695771288e+00
4.654892578125000000e+03 9.628009765625000000e+03 5.118941406250000000e+03 9.668000000000000000e+03 4.657687556390544614e+02 1.484831928772535115e+00
