# Fibre lengths: [x0, y0, x1, y1, length01, angle01]
8.787385253906250000e+02 2.718236694335937500e+02 6.931235351562500000e+02 6.672625732421875000e+02 4.368350389392423381e+02 4.388609793522855740e-01
5.895000000000000000e+03 4.195582885742187500e+02 5.868834960937500000e+03 9.279512939453125000e+02 5.090658672307495181e+02 5.142079796613267806e-02
7.137953125000000000e+03 5.117680969238281250e+02 7.077546875000000000e+03 8.211999511718750000e+02 3.152728777780401401e+02 1.927919826581291629e-01
4.444779785156250000e+03 2.204556640625000000e+03 4.464046875000000000e+03 2.330878906250000000e+03 1.277831582943550188e+02 1.513568124639577683e-01
1.436545104980468750e+02 2.910362060546875000e+03 4.091843872070312500e+02 3.150684082031250000e+03 3.581351552632397670e+02 8.351894567127221558e-01
1.054671386718750000e+03 3.343496093750000000e+03 1.698705200195312500e+03 3.577994628906250000e+03 6.853970498124358528e+02 1.221607911118232304e+00
2.074654541015625000e+03 3.867862060546875000e+03 2.269184570312500000e+03 4.049184570312500000e+03 2.659319176893744157e+02 8.205238731681424591e-01
8.529706054687500000e+03 8.045498046875000000e+03 7.819168945312500000e+03 8.289996093750000000e+03 7.514268285898970134e+02 1.239384467573183324e+00
4.107912109375000000e+03 8.630351562500000000e+03 3.958963867187500000e+03 9.186210937500000000e+03 5.754695679409439890e+02 2.618097467491503072e-01
1.257081756591796875e+02 8.877925781250000000e+03 6.436157226562500000e+02 8.988035156250000000e+03 5.294830513806964518e+02 1.361311135790054472e+00
