# Fibre lengths: [x0, y0, x1, y1, length01, angle01]
4.316791992187500000e+03 6.919879150390625000e+02 4.389312500000000000e+03 1.520387207031250000e+03 8.315675625146403718e+02 8.732032448967100291e-02
3.530774414062500000e+03 9.159610595703125000e+02 3.257498535156250000e+03 1.061760742187500000e+03 3.097373943250249795e+02 1.080689308647477809e+00
6.909364746093750000e+03 9.264884033203125000e+02 7.186036132812500000e+03 1.038705078125000000e+03 2.985626204552356739e+02 1.185475552642226704e+00
3.702990234375000000e+03 3.692130859375000000e+03 3.967738281250000000e+03 3.914734863281250000e+03 3.458960405659784101e+02 8.716591329984809677e-01
8.869941406250000000e+03 3.830862060546875000e+03 9.374455078125000000e+03 4.524492675781250000e+03 8.577047717596146867e+02 6.288481864972649271e-01
7.620520507812500000e+03 4.074565917968750000e+03 7.496341796875000000e+03 4.211712890625000000e+03 1.850125518954683344e+02 7.358139361814968193e-01
2.604196044921875000e+03 7.365986328125000000e+03 2.325396240234375000e+03 8.131367187500000000e+03 8.145779219886834426e+02 3.493242025047793575e-01
2.958000000000000000e+03 7.836558105468750000e+03 2.948855468750000000e+03 8.354548828125000000e+03 5.180714344660650568e+02 1.765201776300318742e-02
1.453102050781250000e+03 9.185574218750000000e+03 1.972432861328125000e+03 9.277326171875000000e+03 5.273735978275044545e+02 1.395927423575666237e+00
3.474185546875000000e+03 9.616442382812500000e+03 2.773737792968750000e+03 9.752683593750000000e+03 7.135746096309950417e+02 1.378689107116490842e+00
