# Fibre lengths: [x0, y0, x1, y1, length01, angle01]
3.521466674804687500e+02 3.043701934814453125e+01 6.072166748046875000e+02 1.965512390136718750e+02 3.043922512342653022e+02 9.935432109531655565e-01
7.121551269531250000e+03 8.277833251953125000e+02 7.049400390625000000e+03 9.472508544921875000e+02 1.395644649731586924e+02 5.433094341294110174e-01
6.084416992187500000e+03 1.414692260742187500e+03 5.926570312500000000e+03 2.309822021484375000e+03 9.089405166757251209e+02 1.745450076349358004e-01
9.084580078125000000e+03 2.361657958984375000e+03 9.257738281250000000e+03 2.714176269531250000e+03 3.927504584087735680e+02 4.565856211300975964e-01
6.545327148437500000e+02 2.442301269531250000e+03 5.102830200195312500e+02 2.662729736328125000e+03 2.634325026098740068e+02 5.794662990398729008e-01
2.805597656250000000e+03 6.314068847656250000e+03 3.608772705078125000e+03 6.777902343750000000e+03 9.274867498560892045e+02 1.047085348699354768e+00
7.862788085937500000e+03 6.829963867187500000e+03 7.357581054687500000e+03 7.211021484375000000e+03 6.328025379540238191e+02 9.245741841537234995e-01
8.525267578125000000e+03 7.867088867187500000e+03 7.867091796875000000e+03 8.246925781250000000e+03 7.599154165488228045e+02 1.047381089718825375e+00
4.806777343750000000e+03 8.669112304687500000e+03 4.694084960937500000e+03 8.728919921875000000e+03 1.275794819616602354e+02 1.082879162526741101e+00
1.227834472656250000e+03 8.879548828125000000e+03 1.323999877929687500e+03 9.571441406250000000e+03 6.985435740423525885e+02 1.381041647088489810e-01
