# Fibre lengths: [x0, y0, x1, y1, length01, angle01]
3.985000000000000000e+03 1.713558349609375000e+03 3.983130371093750000e+03 1.876311401367187500e+03 1.627637901031070271e+02 1.148701454065820249e-02
1.531965576171875000e+03 2.172120117187500000e+03 1.697558593750000000e+03 2.326532226562500000e+03 2.264158717763977222e+02 8.203237341198217347e-01
1.892079345703125000e+03 3.531542968750000000e+03 1.566709228515625000e+03 3.978384277343750000e+03 5.527502765484449583e+02 6.293736601189572344e-01
9.274025390625000000e+03 3.657650878906250000e+03 9.391996093750000000e+03 3.734603515625000000e+03 1.408502576986453221e+02 9.928038695533888403e-01
2.680220214843750000e+03 5.190098632812500000e+03 3.374143554687500000e+03 5.575118164062500000e+03 7.935802675368599921e+02 1.064241359235287288e+00
4.268331054687500000e+03 6.674076171875000000e+03 4.869364257812500000e+03 6.725949218750000000e+03 6.032675395301768049e+02 1.484703209485055853e+00
6.677722656250000000e+03 6.812295410156250000e+03 6.590876464843750000e+03 6.875914062500000000e+03 1.076549761404735932e+02 9.385610105068589171e-01
7.604987792968750000e+02 8.757259765625000000e+03 1.501054687500000000e+03 9.220677734375000000e+03 8.736013203601121404e+02 1.011643205958840719e+00
4.879115722656250000e+03 9.115871093750000000e+03 4.390581054687500000e+03 9.484021484375000000e+03 6.117195696760704777e+02 9.250073838223399347e-01
