# Fibre lengths: [x0, y0, x1, y1, length01, angle01]
5.277895507812500000e+02 1.764297851562500000e+03 7.150355224609375000e+02 2.512615722656250000e+03 7.713888060560333315e+02 2.451880679248152062e-01
5.982046875000000000e+03 1.907121215820312500e+03 5.888784179687500000e+03 2.499923583984375000e+03 6.000938076983238716e+02 1.560460531488056246e-01
8.366095703125000000e+03 1.917465332031250000e+03 8.562731445312500000e+03 2.050510498046875000e+03 2.374165775714791664e+02 9.759433276076898700e-01
1.423000000000000000e+03 3.103058349609375000e+03 1.395834716796875000e+03 3.421951171875000000e+03 3.200477850322377549e+02 8.498108412420428415e-02
2.052146728515625000e+03 3.903437011718750000e+03 2.241698730468750000e+03 4.027532714843750000e+03 2.265605989101495084e+02 9.911389003050217195e-01
5.504615722656250000e+03 4.175964843750000000e+03 5.312708007812500000e+03 4.217074707031250000e+03 1.962615394710668397e+02 1.359768849841701988e+00
5.353392578125000000e+03 6.476009765625000000e+03 5.952441406250000000e+03 6.506000000000000000e+03 5.997990602158386082e+02 1.520775000304200208e+00
9.082960937500000000e+03 6.590257812500000000e+03 9.406902343750000000e+03 7.150772460937500000e+03 6.473906902298192563e+02 5.240377113828541544e-01
3.149184570312500000e+03 7.410315429687500000e+03 2.598654785156250000e+03 7.925137695312500000e+03 7.537406779041747313e+02 8.189027286500618619e-01
3.245441650390625000e+03 8.001000000000000000e+03 2.469393066406250000e+03 8.094990234375000000e+03 7.817196229224522313e+02 1.450269504353457473e+00
