# Fibre lengths: [x0, y0, x1, y1, length01, angle01]
2.613154296875000000e+03 6.539282836914062500e+02 3.041173583984375000e+03 7.530747680664062500e+02 4.393524046839162338e+02 1.343170680618091861e+00
2.384000000000000000e+03 1.402558349609375000e+03 2.357000000000000000e+03 2.215441650390625000e+03 8.133315810227832117e+02 3.320289315298539934e-02
4.979393066406250000e+03 4.655009765625000000e+03 5.554941406250000000e+03 4.715000000000000000e+03 5.786663284806402316e+02 1.466939905073736616e+00
5.276763916015625000e+02 4.906261718750000000e+03 4.166855468750000000e+02 4.958652343750000000e+03 1.227344499356498204e+02 1.129776856731132817e+00
8.913046875000000000e+03 5.644121093750000000e+03 8.798785156250000000e+03 6.367923828125000000e+03 7.327660872750805083e+02 1.565709762563569918e-01
3.042204833984375000e+03 6.715993164062500000e+03 2.850687011718750000e+03 6.770985839843750000e+03 1.992567957058157901e+02 1.291177853851713797e+00
7.885000976562500000e+03 8.234748046875000000e+03 7.416809570312500000e+03 8.833278320312500000e+03 7.598958356956044327e+02 6.638144488013215661e-01
5.870123535156250000e+03 8.324737304687500000e+03 6.253738281250000000e+03 9.184675781250000000e+03 9.416233094466202829e+02 4.196022604647935417e-01
7.248796875000000000e+03 8.343751953125000000e+03 7.794017089843750000e+03 9.093216796875000000e+03 9.268023708922397645e+02 6.289314308041309420e-01
5.352017089843750000e+03 8.538783203125000000e+03 4.846796875000000000e+03 9.233248046875000000e+03 8.587950190187858652e+02 6.289421327898844227e-01
