# Fibre lengths: [x0, y0, x1, y1, length01, angle01]
7.085784179687500000e+03 7.550764160156250000e+02 7.118575195312500000e+03 9.669572753906250000e+02 2.144032398897169571e+02 1.535434610247153331e-01
4.372000000000000000e+03 1.555558349609375000e+03 4.355834960937500000e+03 1.692451171875000000e+03 1.378439453720770018e+02 1.175410463192728822e-01
4.324102539062500000e+03 4.472572265625000000e+03 5.029772460937500000e+03 4.879902343750000000e+03 8.147931217090551854e+02 1.047291765978016764e+00
9.922674560546875000e+02 4.684088867187500000e+03 3.240919799804687500e+02 5.069925781250000000e+03 7.715753955902702046e+02 1.047123895065019239e+00
9.262167968750000000e+03 4.760113769531250000e+03 8.970416015625000000e+03 4.908948242187500000e+03 3.275223693171448645e+02 1.099069305858659362e+00
6.360551269531250000e+03 5.216783203125000000e+03 6.033313476562500000e+03 5.739219238281250000e+03 6.164608535639882803e+02 5.595832361975007219e-01
3.094184326171875000e+03 6.491315429687500000e+03 2.831156738281250000e+03 6.792728027343750000e+03 4.000413303865600483e+02 7.174972576468725549e-01
9.352833984375000000e+03 7.291048828125000000e+03 9.415000000000000000e+03 8.197941406250000000e+03 9.090207708060894447e+02 6.844131323058665062e-02
2.943597412109375000e+03 8.833068359375000000e+03 3.346772460937500000e+03 9.065902343750000000e+03 4.655768296183764505e+02 1.047084528134020198e+00
1.079941650390625000e+03 9.818000000000000000e+03 2.033928680419921875e+02 9.893990234375000000e+03 8.798365095614288975e+02 1.484320001514793708e+00
