# Fibre lengths: [x0, y0, x1, y1, length01, angle01]
3.659000000000000000e+03 1.424558349609375000e+03 3.612834472656250000e+03 2.313451171875000000e+03 8.900908410888602020e+02 5.188936741199839942e-02
8.620892578125000000e+03 1.983009765625000000e+03 9.293941406250000000e+03 2.029000000000000000e+03 6.746182822146930675e+02 1.502571179024345449e+00
8.920701171875000000e+03 4.411366699218750000e+03 9.473197265625000000e+03 4.634638671875000000e+03 5.959046126544265007e+02 1.186747555868979731e+00
7.970313476562500000e+03 5.522780273437500000e+03 8.195550781250000000e+03 5.882216796875000000e+03 4.241773895479651628e+02 5.597777753025168224e-01
3.609878906250000000e+03 5.670953125000000000e+03 3.051952636718750000e+03 5.758001953125000000e+03 5.646762087346985481e+02 1.416022061399254905e+00
8.394794921875000000e+02 6.716065429687500000e+03 1.207934692382812500e+03 7.084395507812500000e+03 5.209858740911661243e+02 7.855679850168417744e-01
2.086611572265625000e+03 6.929278808593750000e+03 1.739766479492187500e+03 7.356704101562500000e+03 5.504488163766329762e+02 6.816990493713581678e-01
1.136777221679687500e+03 7.876112304687500000e+03 9.190853271484375000e+02 7.996919921875000000e+03 2.489663457480276065e+02 1.064162432116942503e+00
6.701789062500000000e+03 7.990297851562500000e+03 6.839074707031250000e+03 8.583173828125000000e+03 6.085632849419185959e+02 2.275483571963442531e-01
6.990953125000000000e+03 8.369767578125000000e+03 6.823570312500000000e+03 9.318822265625000000e+03 9.637021354060251497e+02 1.745726412890414858e-01
