# Fibre lengths: [x0, y0, x1, y1, length01, angle01]
6.797184570312500000e+03 6.283156738281250000e+02 6.504154296875000000e+03 8.836378784179687500e+02 3.886594515864422306e+02 8.540561903581315173e-01
9.148695312500000000e+03 1.272994873046875000e+03 8.544189453125000000e+03 1.469501342773437500e+03 6.356430811887310028e+02 1.256501490414520639e+00
6.478545898437500000e+03 3.162801757812500000e+03 6.655416992187500000e+03 4.073307861328125000e+03 9.275261442911069025e+02 1.918662412574075882e-01
4.991708007812500000e+03 4.328925292968750000e+03 5.415173339843750000e+03 4.419074707031250000e+03 4.329547369970085811e+02 1.361042603825965092e+00
8.898154296875000000e+03 4.630928710937500000e+03 9.586615234375000000e+03 4.803035156250000000e+03 7.096471594965229315e+02 1.325829678995584793e+00
6.071124023437500000e+03 4.627737304687500000e+03 6.408738281250000000e+03 5.350676757812500000e+03 7.978877364410103610e+02 4.369025885530120057e-01
6.355223144531250000e+03 5.117743164062500000e+03 6.758611328125000000e+03 5.614721191406250000e+03 6.400852961329061372e+02 6.818237109943133811e-01
8.013024902343750000e+03 6.229264160156250000e+03 7.577832031250000000e+03 6.850740234375000000e+03 7.586997732154469531e+02 6.108983185935852323e-01
2.400035400390625000e+03 6.493384277343750000e+03 2.299789550781250000e+03 6.894702148437500000e+03 4.136487205626594914e+02 2.447825509881615402e-01
6.070007324218750000e+03 8.329776367187500000e+03 5.804832519531250000e+03 8.707740234375000000e+03 4.617080916990560127e+02 6.117907480851501045e-01
