# Fibre lengths: [x0, y0, x1, y1, length01, angle01]
2.410654296875000000e+03 3.428621215820312500e+02 2.771184326171875000e+03 6.921843872070312500e+02 5.020039315445533248e+02 8.011857188787212536e-01
2.901236877441406250e+02 3.337237304687500000e+03 5.127385253906250000e+02 3.834676269531250000e+03 5.449797149300073897e+02 4.207912378450687774e-01
1.212796752929687500e+03 3.804752441406250000e+03 1.328017089843750000e+03 3.962216796875000000e+03 1.951172705881745628e+02 6.317010401767400030e-01
9.488095703125000000e+03 5.339465332031250000e+03 9.971731445312500000e+03 5.666510742187500000e+03 5.838340786777727089e+02 9.762072346655185084e-01
7.874238769531250000e+03 5.372247070312500000e+03 8.250611328125000000e+03 5.835721191406250000e+03 5.970465340206153542e+02 6.820563562259491786e-01
8.680654296875000000e+03 6.142862304687500000e+03 9.207520507812500000e+03 6.651934570312500000e+03 7.326271738450661815e+02 8.025731173806909258e-01
4.121184570312500000e+03 6.437815429687500000e+03 3.527654296875000000e+03 7.051230468750000000e+03 8.535550337469998112e+02 7.689243707807461581e-01
6.171064453125000000e+03 7.822502929687500000e+03 6.418251953125000000e+03 8.016000976562500000e+03 3.139158395186354937e+02 9.066323579639313790e-01
6.123160644531250000e+03 8.492941406250000000e+03 5.226154296875000000e+03 8.717071289062500000e+03 9.245834695175715297e+02 1.325945364763262191e+00
7.459597656250000000e+03 8.960068359375000000e+03 7.588772460937500000e+03 9.034902343750000000e+03 1.492858177573861838e+02 1.045718982936406194e+00
