# Fibre lengths: [x0, y0, x1, y1, length01, angle01]
1.189372680664062500e+03 1.601295166015625000e+03 1.424005249023437500e+03 2.322695800781250000e+03 7.585982586159576613e+02 3.144542530926088819e-01
4.092313476562500000e+03 2.677780761718750000e+03 4.228551269531250000e+03 2.895216796875000000e+03 2.565914371475906819e+02 5.597238629575210789e-01
3.697123535156250000e+03 3.923737548828125000e+03 4.031122558593750000e+03 4.606050292968750000e+03 7.596749492209899017e+02 4.552205797701695533e-01
2.216206542968750000e+03 4.528498046875000000e+03 1.461671264648437500e+03 4.818503906250000000e+03 8.083482446951584279e+02 1.203853439106112422e+00
6.673735839843750000e+03 4.575975097656250000e+03 6.352094726562500000e+03 4.801534179687500000e+03 3.928484507282446430e+02 9.592147318502736164e-01
2.735615478515625000e+03 5.599964843750000000e+03 2.000154541015625000e+03 5.770071289062500000e+03 7.548768067209599621e+02 1.343500922146585674e+00
7.223941406250000000e+03 5.740000000000000000e+03 6.389892578125000000e+03 5.811990234375000000e+03 8.371499516466886917e+02 1.484695552042829103e+00
5.350009765625000000e+02 5.778748046875000000e+03 2.728095703125000000e+02 6.113278808593750000e+03 4.250354856332346571e+02 6.647589772926242313e-01
3.271975097656250000e+03 5.886255859375000000e+03 3.513887451171875000e+03 6.321777343750000000e+03 4.981973004098597926e+02 5.070212533639167907e-01
2.016501953125000000e+03 7.059793945312500000e+03 1.814375488281250000e+03 7.585704101562500000e+03 5.634151224782053760e+02 3.669308587427862478e-01
