# Fibre lengths: [x0, y0, x1, y1, length01, angle01]
8.747392578125000000e+03 5.030096435546875000e+02 9.260441406250000000e+03 5.200000000000000000e+02 5.133300811880933452e+02 1.537691973965548797e+00
3.124975097656250000e+03 1.029255615234375000e+03 3.322887451171875000e+03 1.386777099609375000e+03 4.086452146591185510e+02 5.055782173848817340e-01
5.017000000000000000e+03 2.721558349609375000e+03 4.942834960937500000e+03 3.331451171875000000e+03 6.143856343293448390e+02 1.210092609058943253e-01
6.287066268920898438e+01 3.825285888671875000e+03 3.510069580078125000e+02 4.711205078125000000e+03 9.315982690630180514e+02 3.144488924146970898e-01
3.534885253906250000e+03 4.310773925781250000e+03 3.649006835937500000e+03 4.706205078125000000e+03 4.115695952438923086e+02 2.809658986906651279e-01
6.051979980468750000e+02 4.513747070312500000e+03 8.456918945312500000e+02 5.077697265625000000e+03 6.130881967867626372e+02 4.030941717377380940e-01
7.928520507812500000e+03 5.496065429687500000e+03 7.638654296875000000e+03 5.777137695312500000e+03 4.037623542962293186e+02 8.007995601252497764e-01
8.255892578125000000e+03 6.504009765625000000e+03 8.528941406250000000e+03 6.527000000000000000e+03 2.740149875774192196e+02 1.486796201663656003e+00
8.355671875000000000e+03 7.459496093750000000e+03 8.991206054687500000e+03 7.691001953125000000e+03 6.763864697612015107e+02 1.221466046948683548e+00
1.853558349609375000e+03 7.933000000000000000e+03 2.076441650390625000e+03 7.933000000000000000e+03 2.228833007812500000e+02 1.570796326794896558e+00
