# Fibre lengths: [x0, y0, x1, y1, length01, angle01]
4.333035156250000000e+03 8.943843383789062500e+02 4.181789062500000000e+03 1.500702392578125000e+03 6.248975625833089680e+02 2.444610347154360652e-01
9.646238281250000000e+03 3.721247070312500000e+03 9.896611328125000000e+03 4.029721191406250000e+03 3.972945330432228275e+02 6.818043936071376265e-01
7.759735839843750000e+03 4.971975097656250000e+03 7.669095214843750000e+03 5.033534667968750000e+03 1.095687163265603630e+02 9.741936613733239714e-01
6.858871093750000000e+03 5.076286132812500000e+03 7.061004882812500000e+03 5.698695800781250000e+03 6.544095533087310059e+02 3.140148487407589117e-01
1.042687133789062500e+03 6.038014648437500000e+03 1.828204956054687500e+03 6.263006835937500000e+03 8.171044814055086363e+02 1.291839427194581003e+00
4.787770507812500000e+03 6.781354492187500000e+03 4.149654296875000000e+03 7.419137695312500000e+03 9.021971585244640437e+02 7.856591618752813977e-01
2.074809570312500000e+03 7.196721679687500000e+03 2.453540527343750000e+03 7.680751953125000000e+03 6.145912815992328433e+02 6.639496210833574219e-01
7.153473144531250000e+03 7.842770507812500000e+03 6.924885253906250000e+03 8.639226562500000000e+03 8.286100836875961022e+02 2.794937375793352663e-01
2.401963378906250000e+03 8.522291015625000000e+03 2.328361816406250000e+03 8.644238281250000000e+03 1.424370934688563182e+02 5.430274518028916919e-01
2.888695800781250000e+03 8.591995117187500000e+03 2.436187255859375000e+03 8.738993164062500000e+03 4.757860958586088032e+02 1.256698812121538111e+00
