# Fibre lengths: [x0, y0, x1, y1, length01, angle01]
1.177889648437500000e+03 2.542455291748046875e+02 1.029015747070312500e+03 6.849136962890625000e+02 4.556736866155882808e+02 3.328221931165761260e-01
6.406718261718750000e+03 1.263761718750000000e+03 6.532282226562500000e+03 1.276920410156250000e+03 1.262515759379161295e+02 1.466380738726679622e+00
2.696069580078125000e+03 2.153092285156250000e+03 2.916021484375000000e+03 2.830681640625000000e+03 7.123946763195087897e+02 3.138786144731563477e-01
3.741595703125000000e+03 2.787010498046875000e+03 4.222125976562500000e+03 3.149162597656250000e+03 6.017171153801403989e+02 9.249626985139683955e-01
4.772131347656250000e+03 3.898487548828125000e+03 5.401739257812500000e+03 4.323547851562500000e+03 7.596593851799365211e+02 9.769648690887239306e-01
2.149471435546875000e+03 4.386723632812500000e+03 2.566730468750000000e+03 4.690155273437500000e+03 5.159223403982286982e+02 9.420462431404562631e-01
3.870000000000000000e+03 6.368058105468750000e+03 3.831653320312500000e+03 6.914220703125000000e+03 5.475071240830374109e+02 7.009607452959693008e-02
8.023128662109375000e+02 7.301687988281250000e+03 6.699445190429687500e+02 7.394721679687500000e+03 1.617919870347516849e+02 9.581672571358762491e-01
6.661048339843750000e+03 7.978512695312500000e+03 6.620995117187500000e+03 8.101708007812500000e+03 1.295428333298441999e+02 3.143401570033899639e-01
3.879810058593750000e+03 9.206324218750000000e+03 4.012512207031250000e+03 9.289707031250000000e+03 1.567244512523123774e+02 1.009794795752122498e+00
