# Fibre lengths: [x0, y0, x1, y1, length01, angle01]
9.875329589843750000e+02 9.663012695312500000e+02 8.052831420898437500e+02 1.245729736328125000e+03 3.336094480294921709e+02 5.779367367080835427e-01
5.850000000000000000e+03 1.370058349609375000e+03 5.785834960937500000e+03 2.293451171875000000e+03 9.256194987410152635e+02 6.937682347840561092e-02
8.335441406250000000e+03 1.923000000000000000e+03 7.554392578125000000e+03 1.948990478515625000e+03 7.814811430155605194e+02 1.537532219979699022e+00
1.176206298828125000e+03 3.022498046875000000e+03 2.866715087890625000e+02 3.346503417968750000e+03 9.467056687204517402e+02 1.221491077880609177e+00
3.603000000000000000e+03 3.295558349609375000e+03 3.550834472656250000e+03 3.729451171875000000e+03 4.370174177955390746e+02 1.196524590637270680e-01
7.199119873046875000e+02 4.747351562500000000e+03 5.574331054687500000e+02 5.353732910156250000e+03 6.277720333274384075e+02 2.617986022011261071e-01
5.952933593750000000e+03 5.565819335937500000e+03 5.923843750000000000e+03 5.680699218750000000e+03 1.185057234247069857e+02 2.480066190802553971e-01
4.513205078125000000e+03 5.650993164062500000e+03 3.687687011718750000e+03 5.903985839843750000e+03 8.634149477291150561e+02 1.273418632017351726e+00
8.593197265625000000e+03 7.392361816406250000e+03 8.082701660156250000e+03 7.599133300781250000e+03 5.507814538939619524e+02 1.185952107754330243e+00
5.394006835937500000e+03 7.833794921875000000e+03 5.349884765625000000e+03 7.985225585937500000e+03 1.577276231579963905e+02 2.835189612210655685e-01
