# Fibre lengths: [x0, y0, x1, y1, length01, angle01]
5.958441406250000000e+03 3.314999389648437500e+02 5.346892578125000000e+03 3.839904174804687500e+02 6.137973765957785872e+02 1.485174146880957391e+00
3.761251953125000000e+03 1.625999023437500000e+03 3.224581054687500000e+03 2.030021240234375000e+03 6.717511480415753340e+02 9.254861626075292502e-01
6.581953613281250000e+03 2.670753173828125000e+03 7.050902343750000000e+03 3.482772705078125000e+03 9.377039143246241792e+02 5.237179475799409456e-01
4.330803710937500000e+03 3.502588867187500000e+03 4.722558593750000000e+03 4.270334472656250000e+03 8.619194874952144119e+02 4.718270566838773661e-01
6.841558105468750000e+03 4.383666015625000000e+03 6.719803710937500000e+03 4.622411621093750000e+03 2.679992476077335937e+02 4.715960749389997986e-01
8.179952636718750000e+03 4.871998046875000000e+03 8.853878906250000000e+03 4.978046875000000000e+03 6.822191515275665097e+02 1.414716526046184475e+00
8.075684570312500000e+03 6.545815429687500000e+03 7.834154296875000000e+03 6.756637695312500000e+03 3.205977240562564816e+02 8.531792935477569007e-01
3.707184326171875000e+03 6.775815429687500000e+03 3.267654296875000000e+03 7.230230468750000000e+03 6.322022416757830570e+02 7.687487798029670749e-01
9.067205078125000000e+03 8.380993164062500000e+03 8.610687500000000000e+03 8.511986328125000000e+03 4.749394784266943930e+02 1.291363806877223519e+00
5.134166992187500000e+03 8.512113281250000000e+03 4.917416015625000000e+03 8.622948242187500000e+03 2.434448077220267521e+02 1.098112381476285870e+00
