# Fibre lengths: [x0, y0, x1, y1, length01, angle01]
6.104510742187500000e+03 1.652684936523437500e+02 5.581311035156250000e+03 9.397581176757812500e+02 9.346507963713246454e+02 5.941214230264768581e-01
3.313704345703125000e+03 7.176790771484375000e+02 3.317000000000000000e+03 9.244415893554687500e+02 2.067887757868092251e+02 1.593797252738031120e-02
6.772513183593750000e+03 1.930304321289062500e+03 6.594884765625000000e+03 2.510226074218750000e+03 6.065155351605781107e+02 2.972239965065154310e-01
5.922580078125000000e+03 3.131658203125000000e+03 6.303738281250000000e+03 3.910176269531250000e+03 8.668171407686888870e+02 4.552886521584685320e-01
8.778728515625000000e+03 3.157966308593750000e+03 8.178624511718750000e+03 3.594037109375000000e+03 7.418103253516447921e+02 9.424017587893839254e-01
9.762738281250000000e+03 3.368323730468750000e+03 9.506123046875000000e+03 3.943762451171875000e+03 6.300643616312426047e+02 4.194784325643957645e-01
7.308872070312500000e+03 3.554286621093750000e+03 7.393501953125000000e+03 3.799706542968750000e+03 2.596019166300368397e+02 3.320679290247482984e-01
4.545123535156250000e+03 4.726737304687500000e+03 4.964238281250000000e+03 5.624676757812500000e+03 9.909351300017840458e+02 4.366969657549941153e-01
7.424777343750000000e+03 7.531112304687500000e+03 6.763085937500000000e+03 7.882919921875000000e+03 7.494025064117740840e+02 1.082127634728808907e+00
2.213185791015625000e+03 9.232347656250000000e+03 2.996676269531250000e+03 9.581738281250000000e+03 8.578642892454106459e+02 1.151322886738727735e+00
