# Fibre lengths: [x0, y0, x1, y1, length01, angle01]
4.266176757812500000e+03 3.068261718750000000e+03 3.835631347656250000e+03 3.279194335937500000e+03 4.794391715329296630e+02 1.115245542723603656e+00
2.413695800781250000e+03 5.453995117187500000e+03 2.229187011718750000e+03 5.513994140625000000e+03 1.940190095190772581e+02 1.256399400289860191e+00
3.730000000000000000e+02 7.198558593750000000e+03 3.458345336914062500e+02 7.424451171875000000e+03 2.275201516607321821e+02 1.196835902664664109e-01
2.157441650390625000e+03 7.788000000000000000e+03 1.738392944335937500e+03 7.808990234375000000e+03 4.195740792580319862e+02 1.520747954323316664e+00
7.839198242187500000e+03 8.019747070312500000e+03 8.197638671875000000e+03 8.905197265625000000e+03 9.552494909778827150e+02 3.846473355353173251e-01
9.081684570312500000e+03 8.138815429687500000e+03 8.555154296875000000e+03 8.722230468750000000e+03 7.858799123596854770e+02 7.341929018328231527e-01
2.739375732421875000e+03 8.234794921875000000e+03 2.927501953125000000e+03 8.724206054687500000e+03 5.243231177783937937e+02 3.669801052701458510e-01
7.152000000000000000e+03 8.803558593750000000e+03 7.137834960937500000e+03 9.220451171875000000e+03 4.171331562311384573e+02 3.396460499255404136e-02
9.777308593750000000e+03 9.489583007812500000e+03 9.231737304687500000e+03 9.595253906250000000e+03 5.557106893212567229e+02 1.379476792659764417e+00
8.628630859375000000e+03 9.518805664062500000e+03 9.024050781250000000e+03 9.712123046875000000e+03 4.401460270331947413e+02 1.116075058707094003e+00
