# Fibre lengths: [x0, y0, x1, y1, length01, angle01]
3.083441894531250000e+03 9.730000610351562500e+02 2.928393066406250000e+03 9.939902343750000000e+02 1.564631793099337358e+02 1.436236553668285287e+00
5.394165039062500000e+03 9.983884277343750000e+02 6.051697265625000000e+03 1.277691894531250000e+03 7.143941877794022730e+02 1.169115994480703469e+00
8.037085937500000000e+03 1.508079589843750000e+03 8.377777343750000000e+03 1.696887573242187500e+03 3.895113462886379239e+02 1.064741439639140586e+00
6.831521606445312500e+02 2.501364746093750000e+03 1.296684082031250000e+03 3.016679199218750000e+03 8.012305561821744959e+02 8.721865412906103510e-01
5.491615722656250000e+03 3.306964355468750000e+03 5.133154296875000000e+03 3.390071777343750000e+03 3.679693429401909270e+02 1.342976521770963938e+00
6.981843872070312500e+02 3.518815917968750000e+03 6.011545410156250000e+02 3.625230957031250000e+03 1.440102482138037203e+02 7.392994679610521702e-01
8.905474609375000000e+03 4.070255615234375000e+03 9.297887695312500000e+03 4.807777343750000000e+03 8.354198525577825194e+02 4.889731405052516466e-01
6.587000000000000000e+03 6.515558105468750000e+03 6.587000000000000000e+03 7.432441406250000000e+03 9.168833007812500000e+02 0.000000000000000000e+00
9.710738281250000000e+03 8.362824218750000000e+03 9.608124023437500000e+03 8.580262695312500000e+03 2.404353904819984677e+02 4.409349375166546348e-01
8.553671875000000000e+03 8.571496093750000000e+03 9.312206054687500000e+03 8.862501953125000000e+03 8.124398512780935562e+02 1.204470385042756053e+00
