# Fibre lengths: [x0, y0, x1, y1, length01, angle01]
1.911184326171875000e+03 1.275815673828125000e+03 1.759654541015625000e+03 1.432230712890625000e+03 2.177772720795783243e+02 7.695354381206637173e-01
1.439809570312500000e+03 1.435721313476562500e+03 1.675000976562500000e+03 1.736251953125000000e+03 3.816197884561956926e+02 6.640327791369455834e-01
2.052510498046875000e+03 2.024268554687500000e+03 1.603832519531250000e+03 2.664740234375000000e+03 7.819948215215976006e+02 6.110903288332008021e-01
8.756206054687500000e+03 2.656998046875000000e+03 8.286671875000000000e+03 2.828504150390625000e+03 4.998766742286799172e+02 1.220584448554980384e+00
5.320708007812500000e+03 7.092924804687500000e+03 5.444173339843750000e+03 7.119074707031250000e+03 1.262042218238933060e+02 1.362081211585356666e+00
4.117392578125000000e+03 7.286009765625000000e+03 4.506441406250000000e+03 7.299000000000000000e+03 3.892656379062416363e+02 1.537418999395846475e+00
3.032441650390625000e+03 7.807000000000000000e+03 2.309393066406250000e+03 7.881990234375000000e+03 7.269269495990826044e+02 1.467451851051935208e+00
2.136115234375000000e+03 9.056427734375000000e+03 2.557750488281250000e+03 9.398115234375000000e+03 5.427030817978076129e+02 8.897541876896568613e-01
6.312941406250000000e+03 9.063000000000000000e+03 5.764893066406250000e+03 9.099990234375000000e+03 5.492952395976210482e+02 1.503404064104655102e+00
2.550095214843750000e+03 9.343464843750000000e+03 2.971731445312500000e+03 9.628510742187500000e+03 5.089482046927157057e+02 9.763277473017833996e-01
