# Fibre lengths: [x0, y0, x1, y1, length01, angle01]
8.542095703125000000e+03 7.364653320312500000e+02 9.296736328125000000e+03 1.246024902343750000e+03 9.105676408688430001e+02 9.768854098468200409e-01
4.515706542968750000e+03 1.786497924804687500e+03 4.287169921875000000e+03 1.864996093750000000e+03 2.416421935604688258e+02 1.239940131378066468e+00
2.569705078125000000e+03 1.827005615234375000e+03 2.201169677734375000e+03 1.953996093750000000e+03 3.898011325980283459e+02 1.238956816768261859e+00
7.726375488281250000e+03 4.778795410156250000e+03 8.071501953125000000e+03 5.677206054687500000e+03 9.624208865889186200e+02 3.667703133992861741e-01
3.211000000000000000e+03 5.242558105468750000e+03 3.175334472656250000e+03 5.539451171875000000e+03 2.990276286914199773e+02 1.195562926273905230e-01
6.323648437500000000e+03 5.427451171875000000e+03 6.930216796875000000e+03 5.806551757812500000e+03 7.152918487254240745e+02 1.012202510725357607e+00
3.755121337890625000e+03 6.219979492187500000e+03 4.036735839843750000e+03 6.417024902343750000e+03 3.437057191464108428e+02 9.602723453858603708e-01
2.470184570312500000e+03 7.271815429687500000e+03 2.031654541015625000e+03 7.681137695312500000e+03 5.998777406534610463e+02 8.198336635934376782e-01
8.189571289062500000e+03 8.003764648437500000e+03 8.133806640625000000e+03 8.264172851562500000e+03 2.663120881036931564e+02 2.109570809150478898e-01
9.602994140625000000e+03 9.315294921875000000e+03 9.400872070312500000e+03 9.900713867187500000e+03 6.193292120013483100e+02 3.324463736577455419e-01
