# Fibre lengths: [x0, y0, x1, y1, length01, angle01]
4.200952636718750000e+03 9.719978027343750000e+02 4.818878906250000000e+03 1.069046997070312500e+03 6.255009358091014064e+02 1.415012628108720749e+00
6.838000000000000000e+03 1.227558349609375000e+03 6.805834472656250000e+03 1.492451171875000000e+03 2.668385812380764719e+02 1.208368688676461356e-01
1.776416748046875000e+03 1.331692260742187500e+03 1.730160034179687500e+03 1.569701904296875000e+03 2.424629332554158623e+02 1.919551481141885674e-01
9.413654296875000000e+03 1.654269165039062500e+03 9.506681640625000000e+03 1.759681640625000000e+03 1.405911686214199392e+02 7.230664802203492503e-01
6.670000000000000000e+02 3.424558349609375000e+03 5.788345947265625000e+02 4.151451171875000000e+03 7.322201265659904266e+02 1.207011983781659942e-01
7.977928710937500000e+03 3.946223144531250000e+03 8.220912109375000000e+03 4.850648437500000000e+03 9.364966857804922711e+02 2.624629771877439732e-01
7.266061523437500000e+03 4.117818359375000000e+03 7.662778320312500000e+03 4.187230468750000000e+03 4.027434144100272988e+02 1.397583263068275183e+00
4.669834472656250000e+03 5.034548828125000000e+03 4.706000000000000000e+03 5.747441406250000000e+03 7.138093396095072194e+02 5.068722980964860542e-02
1.186283203125000000e+03 5.748270507812500000e+03 1.413532958984375000e+03 6.096698730468750000e+03 4.159863914619550087e+02 5.779300430895214502e-01
8.285310546875000000e+03 7.421242187500000000e+03 8.818025390625000000e+03 8.180735839843750000e+03 9.276937601935435396e+02 6.116702353328834496e-01
