# Fibre lengths: [x0, y0, x1, y1, length01, angle01]
5.027809570312500000e+03 8.717213134765625000e+02 5.238514160156250000e+03 1.140253417968750000e+03 3.413296285472827662e+02 6.653128674948245447e-01
1.358006958007812500e+03 1.737794921875000000e+03 1.105861816406250000e+03 2.616774414062500000e+03 9.144299427071860009e+02 2.793597233961068738e-01
3.153347656250000000e+03 4.015646484375000000e+03 3.444886230468750000e+03 4.587166992187500000e+03 6.415843133273751846e+02 4.717032029362037138e-01
9.268887695312500000e+03 4.611222656250000000e+03 9.130804687500000000e+03 4.870411132812500000e+03 2.936759837462650466e+02 4.895041065960517024e-01
3.253941650390625000e+03 5.364000000000000000e+03 3.004893066406250000e+03 5.384990234375000000e+03 2.499315648807483399e+02 1.486713357507267963e+00
6.356654296875000000e+03 6.720769531250000000e+03 6.560770507812500000e+03 6.924770507812500000e+03 2.885824423036434041e+02 7.856805194840507101e-01
1.347967834472656250e+02 6.920752441406250000e+03 6.030170288085937500e+02 7.564216796875000000e+03 7.957867647335158381e+02 6.290464608169988869e-01
5.520375488281250000e+03 7.155795898437500000e+03 5.778501953125000000e+03 7.826206054687500000e+03 7.183864207067678080e+02 3.675329457875040062e-01
8.830156250000000000e+03 7.796271972656250000e+03 8.907681640625000000e+03 7.883681640625000000e+03 1.168359373051201118e+02 7.255414533708585134e-01
1.025121337890625000e+03 9.409979492187500000e+03 1.479736083984375000e+03 9.728025390625000000e+03 5.548222786431717850e+02 9.603426764323365061e-01
