# Fibre lengths: [x0, y0, x1, y1, length01, angle01]
6.571510742187500000e+03 1.668268554687500000e+03 6.122832031250000000e+03 2.308740234375000000e+03 7.819952417567924385e+02 6.110910959354391991e-01
4.605676269531250000e+03 3.332261718750000000e+03 4.012185791015625000e+03 3.596652343750000000e+03 6.497179008435862215e+02 1.151704091344017522e+00
5.011834472656250000e+03 5.176548828125000000e+03 5.121000000000000000e+03 6.073441406250000000e+03 9.035117094182832034e+02 1.211195076463999487e-01
8.192000000000000000e+03 5.625558593750000000e+03 8.185000000000000000e+03 6.084441406250000000e+03 4.589361999318752510e+02 1.525325621993515318e-02
6.477000000000000000e+03 5.868558105468750000e+03 6.463000000000000000e+03 6.725441406250000000e+03 8.569976611156941999e+02 1.633682727790711914e-02
3.811716796875000000e+03 6.501948730468750000e+03 3.587647949218750000e+03 6.642548828125000000e+03 2.645283273128736141e+02 1.010411218353925111e+00
5.175647949218750000e+03 6.670451171875000000e+03 5.975210937500000000e+03 7.150968261718750000e+03 9.328438485947949630e+02 1.029660477678253194e+00
6.955571289062500000e+03 7.314764648437500000e+03 6.900806640625000000e+03 7.571172851562500000e+03 2.621914059390090301e+02 2.104221757979074792e-01
7.841545898437500000e+03 7.770801757812500000e+03 7.933953125000000000e+03 8.246232421875000000e+03 4.843277938048599367e+02 1.919717608983926849e-01
4.162625000000000000e+03 9.536962890625000000e+03 4.645216796875000000e+03 9.888016601562500000e+03 5.967692605806963684e+02 9.418945270496836830e-01
