# Fibre lengths: [x0, y0, x1, y1, length01, angle01]
1.654441650390625000e+03 1.919999694824218750e+02 9.733929443359375000e+02 2.029904174804687500e+02 6.811373796569689603e+02 1.554660191442185369e+00
8.610654296875000000e+03 1.093362060546875000e+03 8.926184570312500000e+03 1.378184326171875000e+03 4.250683197455458071e+02 8.365035841905894554e-01
5.783198242187500000e+03 3.151747070312500000e+03 5.982638671875000000e+03 3.643196533203125000e+03 5.303763376786509980e+02 3.855142416817269879e-01
4.091685546875000000e+03 3.207347656250000000e+03 4.365050292968750000e+03 3.341122558593750000e+03 3.043419276142875560e+02 1.115693555899099465e+00
3.073000000000000000e+03 5.274558105468750000e+03 3.029834472656250000e+03 6.122451171875000000e+03 8.489911158608537107e+02 5.086525131210445361e-02
2.094691162109375000e+03 7.240053710937500000e+03 2.197181152343750000e+03 7.268933593750000000e+03 1.064811989484811221e+02 1.296135503988193882e+00
8.277416992187500000e+03 7.397692382812500000e+03 8.160160156250000000e+03 8.000702148437500000e+03 6.143044383798567196e+02 1.920559063257430144e-01
1.126314086914062500e+02 8.247805664062500000e+03 3.740505065917968750e+02 8.376123046875000000e+03 2.912134878038853572e+02 1.114496034382089995e+00
8.462738281250000000e+03 8.300324218750000000e+03 8.379124023437500000e+03 8.485262695312500000e+03 2.029620265537215573e+02 4.246149538928331024e-01
1.729216796875000000e+03 8.846449218750000000e+03 8.741658935546875000e+02 9.360535156250000000e+03 9.976955439432092589e+02 1.029469741881730682e+00
