# Fibre lengths: [x0, y0, x1, y1, length01, angle01]
7.580755615234375000e+02 1.645312690734863281e+01 1.015439071655273438e+02 1.322727355957031250e+02 6.666693295260087098e+02 1.396181617081205140e+00
8.346829833984375000e+02 3.084700775146484375e+01 9.178324584960937500e+02 2.591191406250000000e+02 2.429444419114144864e+02 3.493180914832650363e-01
7.684252929687500000e+02 1.164586639404296875e+02 1.992605438232421875e+02 5.005476684570312500e+02 6.866388243177215145e+02 9.771639925842865448e-01
2.789464416503906250e+02 2.021986389160156250e+02 1.398431396484375000e+02 2.674711303710937500e+02 1.536561966488817745e+02 1.132060128015165423e+00
4.567181701660156250e+02 3.806040649414062500e+02 3.759990539550781250e+02 4.872518920898437500e+02 1.337510177806428260e+02 6.478868590472818267e-01
7.304837646484375000e+02 4.363459777832031250e+02 8.641658325195312500e+02 4.622770385742187500e+02 1.361738417760146262e+02 1.379200102505251380e+00
7.868786010742187500e+02 4.664782714843750000e+02 2.310919799804687500e+02 7.639254150390625000e+02 6.303757382669882645e+02 1.079400624986649682e+00
1.216152496337890625e+02 5.468536987304687500e+02 3.972294998168945312e+01 9.671658935546875000e+02 4.282157048267395112e+02 1.924260890705993543e-01
5.968849945068359375e+01 6.598698730468750000e+02 4.935036010742187500e+02 6.969337158203125000e+02 4.353955337825277070e+02 1.485566344313658194e+00
