# Fibre lengths: [x0, y0, x1, y1, length01, angle01]
9.733833984375000000e+03 1.821548828125000000e+03 9.750000000000000000e+03 1.962441650390625000e+03 1.418172324760314211e+02 1.142402250637267608e-01
1.177737304687500000e+03 2.112746093750000000e+03 2.117307617187500000e+03 2.295416503906250000e+03 9.571629176258346661e+02 1.378772735284175655e+00
6.178892578125000000e+03 3.645009765625000000e+03 7.038941406250000000e+03 3.704000000000000000e+03 8.620695067747166149e+02 1.502314182460326109e+00
1.818169677734375000e+03 3.658003906250000000e+03 2.679705078125000000e+03 3.954994628906250000e+03 9.112885028738792244e+02 1.238830692197529171e+00
9.382501953125000000e+03 5.626793457031250000e+03 9.091375000000000000e+03 6.385205078125000000e+03 8.123688139299143813e+02 3.665191521517756068e-01
4.589777343750000000e+03 6.148112304687500000e+03 3.795085449218750000e+03 6.570919921875000000e+03 9.001674779647612468e+02 1.081846715048219831e+00
3.236698730468750000e+03 6.413466796875000000e+03 2.491146484375000000e+03 6.897562988281250000e+03 8.889304102062613993e+02 9.949047520922349452e-01
3.339671142578125000e+03 6.824496093750000000e+03 3.883206542968750000e+03 7.022501953125000000e+03 5.784782207003382837e+02 1.221445955079212942e+00
7.768929443359375000e+02 8.274009765625000000e+03 9.829415893554687500e+02 8.287500000000000000e+03 2.064897831319439092e+02 1.505418519294333457e+00
8.417884765625000000e+03 8.311773437500000000e+03 8.513006835937500000e+03 8.621205078125000000e+03 3.237223323782517923e+02 2.982401029170244633e-01
