# Fibre lengths: [x0, y0, x1, y1, length01, angle01]
6.181035156250000000e+03 1.009384399414062500e+03 5.988306640625000000e+03 1.843673339843750000e+03 8.562606594129538280e+02 2.270267800446739703e-01
8.914154296875000000e+03 3.543928222656250000e+03 9.434615234375000000e+03 3.664035400390625000e+03 5.341397959398790363e+02 1.343996005602543065e+00
6.373416503906250000e+03 3.652052246093750000e+03 6.662166992187500000e+03 3.798886230468750000e+03 3.239399071588711081e+02 1.100359862931089117e+00
6.529024902343750000e+03 4.533264160156250000e+03 6.028310546875000000e+03 5.247757812500000000e+03 8.724769595880438828e+02 6.112600509039139984e-01
1.130000976562500000e+03 5.132748046875000000e+03 5.968095703125000000e+02 5.840278808593750000e+03 8.859417895534486433e+02 6.457977266765018154e-01
2.195975097656250000e+03 5.816255859375000000e+03 2.336895019531250000e+03 6.070271972656250000e+03 2.904868502837416600e+02 5.064962231757993427e-01
5.270705078125000000e+03 6.057005859375000000e+03 4.451671875000000000e+03 6.355503417968750000e+03 8.717317134919588852e+02 1.221305919600341960e+00
3.508570312500000000e+03 6.691177734375000000e+03 3.551854003906250000e+03 6.938916015625000000e+03 2.514910215861703193e+02 1.729695041308245418e-01
5.723699218750000000e+03 7.227466796875000000e+03 5.374146484375000000e+03 7.454562988281250000e+03 4.168450482616573254e+02 9.946485676635605788e-01
6.786545410156250000e+02 7.809862304687500000e+03 1.347184326171875000e+03 8.456184570312500000e+03 9.298734025036391131e+02 8.022863054617191958e-01
