# Fibre lengths: [x0, y0, x1, y1, length01, angle01]
6.374545898437500000e+03 1.168801757812500000e+03 6.397416992187500000e+03 1.289307617187500000e+03 1.226570384161812513e+02 1.875615519846531298e-01
9.373135375976562500e+02 1.636780761718750000e+03 1.314513793945312500e+03 2.263718750000000000e+03 7.316633614845547982e+02 5.416353842059102863e-01
4.307166992187500000e+03 1.642113525390625000e+03 3.728416503906250000e+03 1.936947753906250000e+03 6.495224014537059247e+02 1.099631332655325755e+00
3.266792907714843750e+02 2.614316162109375000e+03 1.151568679809570312e+02 2.865728027343750000e+03 3.285569377197841732e+02 6.994439384866897313e-01
9.312082519531250000e+02 3.107425048828125000e+03 1.349615600585937500e+03 3.204035644531250000e+03 4.294162509640879648e+02 1.343872556008704144e+00
2.478654541015625000e+03 3.457862304687500000e+03 3.011184570312500000e+03 3.973184570312500000e+03 7.410433655001667148e+02 8.018186237450678489e-01
5.409968750000000000e+03 3.729789062500000000e+03 5.108361816406250000e+03 4.231238281250000000e+03 5.851649864583578164e+02 5.415000799888803895e-01
1.665392944335937500e+03 4.128009765625000000e+03 1.949886840820312500e+03 4.166992187500000000e+03 2.871522354990515282e+02 1.434620602708384318e+00
6.654196289062500000e+03 6.226361816406250000e+03 6.356165527343750000e+03 6.347611328125000000e+03 3.217511134754527120e+02 1.184411150638889021e+00
4.973375488281250000e+03 7.405795898437500000e+03 5.025501953125000000e+03 7.548206054687500000e+03 1.516503245636359338e+02 3.508839306592024254e-01
