# Fibre lengths: [x0, y0, x1, y1, length01, angle01]
9.131392578125000000e+03 5.100966644287109375e+01 9.544441406250000000e+03 1.079998931884765625e+02 4.169618931748455566e+02 1.433687448320684954e+00
1.072570312500000000e+03 7.231781005859375000e+02 1.127230346679687500e+03 1.036778442382812500e+03 3.183282797862003122e+02 1.725648222286306210e-01
8.990069580078125000e+02 1.485794921875000000e+03 7.018850097656250000e+02 2.131226074218750000e+03 6.748617894758723423e+02 2.964138394139733124e-01
3.908647949218750000e+03 2.340451416015625000e+03 4.286216796875000000e+03 2.576551269531250000e+03 4.453104260519487525e+02 1.011969784968377306e+00
3.658283203125000000e+03 6.861270507812500000e+03 3.767532714843750000e+03 7.028698730468750000e+03 1.999191475387390824e+02 5.781415594534975444e-01
7.971307617187500000e+03 7.517583007812500000e+03 7.431571777343750000e+03 7.621864257812500000e+03 5.497175237459696291e+02 1.379940041724094568e+00
3.418154296875000000e+03 8.061928222656250000e+03 4.273615722656250000e+03 8.275035156250000000e+03 8.816058167602004687e+02 1.326652252452283465e+00
1.838000000000000000e+03 8.097558105468750000e+03 1.830834594726562500e+03 8.314451171875000000e+03 2.170113943732876294e+02 3.302456960021807331e-02
6.925558593750000000e+03 9.443000000000000000e+03 7.419441406250000000e+03 9.443000000000000000e+03 4.938828125000000000e+02 1.570796326794896558e+00
8.396558593750000000e+03 9.693000000000000000e+03 8.515441406250000000e+03 9.694000000000000000e+03 1.188870182480415139e+02 1.562384880306408208e+00
