# Fibre lengths: [x0, y0, x1, y1, length01, angle01]
6.681216796875000000e+03 1.231448730468750000e+03 6.000648437500000000e+03 1.657548583984375000e+03 8.029535334927023769e+02 1.011410609638080826e+00
7.728697265625000000e+03 1.530307861328125000e+03 7.558165527343750000e+03 1.603611816406250000e+03 1.856193513384865525e+02 1.164820476270545191e+00
3.153753051757812500e+02 2.572296142578125000e+03 6.035021362304687500e+02 3.362206298828125000e+03 8.408181288010599701e+02 3.497621629125334808e-01
3.093187011718750000e+03 2.642006347656250000e+03 3.546205078125000000e+03 2.789506835937500000e+03 4.764260304954639196e+02 1.256026223115464635e+00
2.868152099609375000e+03 2.858364746093750000e+03 3.529684082031250000e+03 3.413679199218750000e+03 8.637121659537590403e+02 8.724666557754141571e-01
8.667736328125000000e+03 5.183975097656250000e+03 8.132625000000000000e+03 5.559519531250000000e+03 6.537413518288038858e+02 9.588591937337430648e-01
8.518123046875000000e+03 5.353737304687500000e+03 8.615123046875000000e+03 5.561050781250000000e+03 2.288839827607651500e+02 4.376316364478767817e-01
8.796695312500000000e+03 8.296995117187500000e+03 8.285187500000000000e+03 8.462994140625000000e+03 5.377693911248006771e+02 1.256990658881753209e+00
6.356676269531250000e+03 8.515261718750000000e+03 5.696186035156250000e+03 8.809652343750000000e+03 7.231273676141935312e+02 1.151511240181160689e+00
6.674392578125000000e+03 9.349009765625000000e+03 6.970441406250000000e+03 9.379000000000000000e+03 2.975639810058556236e+02 1.469839080029615497e+00
