# Fibre lengths: [x0, y0, x1, y1, length01, angle01]
1.683000000000000000e+03 1.893558349609375000e+03 1.666834716796875000e+03 2.372451171875000000e+03 4.791655784784344405e+02 3.374272253996241783e-02
6.925034179687500000e+03 2.242271484375000000e+03 6.529796875000000000e+03 2.785247558593750000e+03 6.715917987815554397e+02 6.292124779203281948e-01
2.101196777343750000e+03 2.733361816406250000e+03 1.482701660156250000e+03 2.983633300781250000e+03 6.672121295930141969e+02 1.186291331053332287e+00
4.912520507812500000e+03 3.321065917968750000e+03 4.751904296875000000e+03 3.481442382812500000e+03 2.269761610647648524e+02 7.861450528664563064e-01
4.270354614257812500e+02 3.750384277343750000e+03 3.197896728515625000e+02 4.180702148437500000e+03 4.434806978320062854e+02 2.442487183899090808e-01
7.475105590820312500e+02 3.843268554687500000e+03 4.603110351562500000e+02 4.267758300781250000e+03 5.125184007252146330e+02 5.948314903929265984e-01
6.574928222656250000e+03 7.650223632812500000e+03 6.669933593750000000e+03 8.003180664062500000e+03 3.655197483659051727e+02 2.629378758754895573e-01
1.786546020507812500e+02 8.492769531250000000e+03 4.967706298828125000e+02 8.810770507812500000e+03 4.498026547924471288e+02 7.855790283444342714e-01
9.681968750000000000e+03 9.198709960937500000e+03 9.787230468750000000e+03 9.796778320312500000e+03 6.072608927962579628e+02 1.742185232500577663e-01
9.375583496093750000e+02 9.785000000000000000e+03 1.407441650390625000e+03 9.785000000000000000e+03 4.698833007812500000e+02 1.570796326794896558e+00
