# Fibre lengths: [x0, y0, x1, y1, length01, angle01]
6.107648437500000000e+03 4.310880737304687500e+02 5.778085937500000000e+03 5.199815063476562500e+02 3.413407150761779008e+02 1.307334637848876158e+00
5.822834472656250000e+03 6.705488891601562500e+02 5.855500000000000000e+03 9.899417724609375000e+02 3.210589518761807426e+02 1.019194398730816492e-01
3.456704345703125000e+03 2.444679199218750000e+03 3.487000000000000000e+03 3.342441650390625000e+03 8.982734802961784908e+02 3.373293473558475197e-02
3.488166992187500000e+03 3.389113281250000000e+03 3.016416503906250000e+03 3.629947998046875000e+03 5.296695989088185570e+02 1.098773800560230107e+00
3.188631103515625000e+03 4.155805664062500000e+03 3.396676269531250000e+03 4.257738281250000000e+03 2.316744473375568134e+02 1.115217551295686116e+00
6.246124023437500000e+03 4.282237304687500000e+03 6.473738769531250000e+03 4.791676757812500000e+03 5.579758319493967065e+02 4.201850350717808991e-01
9.134630859375000000e+03 5.679805664062500000e+03 9.271675781250000000e+03 5.747238769531250000e+03 1.527368139149315027e+02 1.113528029602389502e+00
8.136176757812500000e+03 5.822261718750000000e+03 8.025631347656250000e+03 5.877194335937500000e+03 1.234418087103472459e+02 1.109612908555138278e+00
5.548501953125000000e+03 7.265793945312500000e+03 5.382375976562500000e+03 7.698205078125000000e+03 4.632248135290615210e+02 3.667990696904610548e-01
5.069597656250000000e+03 8.929068359375000000e+03 5.203267578125000000e+03 9.006911132812500000e+03 1.546840178897307965e+02 1.043455343569865690e+00
