# Fibre lengths: [x0, y0, x1, y1, length01, angle01]
5.824684570312500000e+03 3.278157348632812500e+02 5.694654296875000000e+03 4.702307739257812500e+02 1.928468702401063695e+02 7.399716321178408940e-01
4.544795227050781250e+02 1.238065673828125000e+03 6.899344482421875000e+02 1.473395874023437500e+03 3.328953665698151099e+02 7.856630938977158252e-01
2.066313476562500000e+03 2.673780761718750000e+03 2.563551269531250000e+03 3.468216796875000000e+03 9.372161099294099813e+02 5.592464965299578372e-01
1.342000000000000000e+03 2.947558349609375000e+03 1.331834716796875000e+03 3.260451171875000000e+03 3.130579039218587241e+02 3.247664485716409560e-02
1.824235595703125000e+03 3.503428710937500000e+03 1.032708251953125000e+03 3.672074951171875000e+03 8.092941926451228483e+02 1.360871051416629784e+00
8.218720703125000000e+02 3.498286132812500000e+03 1.074501953125000000e+03 4.191206542968750000e+03 7.375368143360460635e+02 3.496104994062717575e-01
9.518675781250000000e+03 3.608761474609375000e+03 9.375685546875000000e+03 3.675652343750000000e+03 1.578625842339015151e+02 1.133238699161552399e+00
1.497393066406250000e+03 4.671009765625000000e+03 2.469441650390625000e+03 4.721000000000000000e+03 9.733331768510184929e+02 1.519413882076518618e+00
2.051169677734375000e+03 8.627253906250000000e+03 2.154691894531250000e+03 8.868697265625000000e+03 2.627008663039096064e+02 4.050544515038599913e-01
1.977375732421875000e+03 9.508794921875000000e+03 2.111501953125000000e+03 9.856206054687500000e+03 3.724034616946624396e+02 3.684433985426081581e-01
