# Fibre lengths: [x0, y0, x1, y1, length01, angle01]
2.735796875000000000e+03 1.281752441406250000e+03 3.253017089843750000e+03 1.993216674804687500e+03 8.796011062113560683e+02 6.286047510504971791e-01
6.812520507812500000e+03 1.637065917968750000e+03 6.595479492187500000e+03 1.853934326171875000e+03 3.068203202854869005e+02 7.857959593504554308e-01
4.402684570312500000e+03 1.708815673828125000e+03 4.225654296875000000e+03 1.897230712890625000e+03 2.585342233791870967e+02 7.542551049408696695e-01
2.188796875000000000e+03 2.192752441406250000e+03 2.765017089843750000e+03 2.985216796875000000e+03 9.798109463988849939e+02 6.286993033653478502e-01
2.868301757812500000e+03 4.076242431640625000e+03 3.437017089843750000e+03 4.858216796875000000e+03 9.669131485149628134e+02 6.288018926809804121e-01
7.738123535156250000e+03 4.449737304687500000e+03 7.948123046875000000e+03 4.878050292968750000e+03 4.770239101476230985e+02 4.558531239022012294e-01
2.288345642089843750e+02 5.745048828125000000e+03 2.359999694824218750e+02 5.863941406250000000e+03 1.191083043533986086e+02 6.019508369318180702e-02
5.264415893554687500e+02 6.506000000000000000e+03 4.103929443359375000e+02 6.508990234375000000e+03 1.160871634268259953e+02 1.545034950115191208e+00
5.316154296875000000e+03 7.828362304687500000e+03 5.775681640625000000e+03 8.228681640625000000e+03 6.094431477827703247e+02 8.541484366843627996e-01
4.569152343750000000e+03 9.346365234375000000e+03 4.665684082031250000e+03 9.427679687500000000e+03 1.262157548906536846e+02 8.707545649293344514e-01
