# Fibre lengths: [x0, y0, x1, y1, length01, angle01]
8.967974609375000000e+03 1.101255615234375000e+03 9.153887695312500000e+03 1.451777221679687500e+03 3.967733258521882931e+02 4.876628503681255111e-01
7.230928710937500000e+03 1.521223144531250000e+03 7.284933593750000000e+03 1.721181152343750000e+03 2.071225054308094116e+02 2.637874415939912565e-01
9.125777343750000000e+03 2.066612304687500000e+03 8.388085937500000000e+03 2.458920410156250000e+03 8.355203531162974286e+02 1.082029500069220163e+00
7.546941406250000000e+03 2.991000000000000000e+03 6.961892578125000000e+03 3.030990478515625000e+03 5.864139917006964424e+02 1.502548398824019582e+00
9.139185546875000000e+03 4.225347656250000000e+03 9.428675781250000000e+03 4.354738281250000000e+03 3.170907277679103800e+02 1.150473139973788639e+00
4.581698730468750000e+03 4.562466796875000000e+03 4.042647949218750000e+03 4.912548828125000000e+03 6.427543647229175576e+02 9.948137163481435286e-01
1.264647949218750000e+03 6.400451171875000000e+03 2.009698608398437500e+03 6.866532714843750000e+03 8.788244929678608059e+02 1.011787033845286565e+00
7.271992187500000000e+03 7.121113281250000000e+03 7.146834472656250000e+03 8.015451171875000000e+03 9.030529974439396028e+02 1.390415583034097236e-01
6.273784179687500000e+03 7.869076171875000000e+03 6.401575195312500000e+03 8.681957031250000000e+03 8.228644087653248107e+02 1.559313433504919411e-01
7.385738769531250000e+03 9.143324218750000000e+03 7.287124023437500000e+03 9.361762695312500000e+03 2.396669276101328023e+02 4.240617390455378999e-01
