# Fibre lengths: [x0, y0, x1, y1, length01, angle01]
4.851737304687500000e+03 1.753746093750000000e+03 5.666778320312500000e+03 1.897230224609375000e+03 8.275744999451721924e+02 1.396536612750933770e+00
9.359998779296875000e+02 2.238558349609375000e+03 9.360000000000000000e+02 2.971441650390625000e+03 7.328833007812601181e+02 1.665617327750168695e-07
5.238095703125000000e+02 2.327721191406250000e+03 1.064000976562500000e+03 3.018251953125000000e+03 8.767208724937655688e+02 6.638449819721368161e-01
6.641184570312500000e+03 4.191815429687500000e+03 6.446654296875000000e+03 4.392230468750000000e+03 2.792995079947186809e+02 7.704990621989200594e-01
3.635307861328125000e+03 4.635583007812500000e+03 3.392062011718750000e+03 4.682181640625000000e+03 2.476690855399213547e+02 1.381519419091672196e+00
5.248834472656250000e+03 4.763548828125000000e+03 5.289000000000000000e+03 5.097441406250000000e+03 3.362997521761810162e+02 1.197194909753611369e-01
5.272510742187500000e+03 7.237268554687500000e+03 4.950310546875000000e+03 7.713758300781250000e+03 5.752003511750488087e+02 5.945704695804626683e-01
2.697441650390625000e+03 8.560000000000000000e+03 2.565393066406250000e+03 8.563990234375000000e+03 1.321088585320680409e+02 1.540587593050152471e+00
4.853216796875000000e+03 8.840983398437500000e+03 4.298625000000000000e+03 9.244037109375000000e+03 6.855832225642128606e+02 9.423371529778048483e-01
3.853654785156250000e+03 9.651769531250000000e+03 4.141684570312500000e+03 9.971184570312500000e+03 4.301012954135966311e+02 7.337764042446447421e-01
