# Fibre lengths: [x0, y0, x1, y1, length01, angle01]
4.542834472656250000e+03 8.870488281250000000e+02 4.574000000000000000e+03 1.188441650390625000e+03 3.029998736102915586e+02 1.030387990814233129e-01
2.202886718750000000e+03 1.700832885742187500e+03 1.857975341796875000e+03 2.377744628906250000e+03 7.597192678780171491e+02 4.712478310400320392e-01
4.438685546875000000e+03 1.829347900390625000e+03 5.241050292968750000e+03 2.204122558593750000e+03 8.855762136628089820e+02 1.133823530382960243e+00
7.330168945312500000e+03 4.241482910156250000e+03 7.877615722656250000e+03 4.378035156250000000e+03 5.642202494924348457e+02 1.326349741178147745e+00
5.877173339843750000e+03 4.497925292968750000e+03 5.773208007812500000e+03 4.520575195312500000e+03 1.064039864880516006e+02 1.356288002945427396e+00
5.228375488281250000e+03 5.830795898437500000e+03 5.424501953125000000e+03 6.341206054687500000e+03 5.467944017775383827e+02 3.668578215459970537e-01
6.850000000000000000e+03 7.725558105468750000e+03 6.836000000000000000e+03 8.610441406250000000e+03 8.849940429186628990e+02 1.581997539553489304e-02
7.815772460937500000e+03 8.636097656250000000e+03 7.406091796875000000e+03 8.872925781250000000e+03 4.732079958091437675e+02 1.046650560096306970e+00
9.273679687500000000e+03 9.283316406250000000e+03 9.104656250000000000e+03 9.464742187500000000e+03 2.479601510857929441e+02 7.500230812491472943e-01
9.014654296875000000e+03 9.380861328125000000e+03 9.105780273437500000e+03 9.482871093750000000e+03 1.367842676894412932e+02 7.291046480378569061e-01
