# Fibre lengths: [x0, y0, x1, y1, length01, angle01]
2.899409179687500000e+03 1.001221801757812500e+03 2.759954101562500000e+03 1.242247192382812500e+03 2.784617706989304224e+02 5.245286880497047610e-01
1.800545654296875000e+03 1.577802001953125000e+03 1.842416625976562500e+03 1.795307861328125000e+03 2.214993840439707924e+02 1.901785795740821294e-01
5.450777343750000000e+03 2.050112304687500000e+03 4.770085449218750000e+03 2.411920410156250000e+03 7.708738940082407680e+02 1.082244096484177298e+00
6.428251953125000000e+03 2.485999023437500000e+03 6.112581054687500000e+03 2.733021240234375000e+03 4.008342446842344771e+02 9.067984422398782662e-01
4.396156738281250000e+03 3.127271972656250000e+03 4.599681640625000000e+03 3.360681640625000000e+03 3.096812215413054332e+02 7.171080875116847553e-01
4.045832275390625000e+03 3.154259765625000000e+03 4.386510742187500000e+03 3.658731445312500000e+03 6.087310517345053995e+02 5.939676358605952000e-01
1.737567520141601562e+01 4.247795410156250000e+03 1.765020141601562500e+02 4.661206542968750000e+03 4.429785056678556430e+02 3.674310053627732886e-01
3.710551269531250000e+03 5.672783203125000000e+03 3.635283447265625000e+03 5.787729492187500000e+03 1.373968501744109290e+02 5.797482053895735010e-01
6.169046875000000000e+03 5.771121093750000000e+03 6.043784179687500000e+03 6.564923828125000000e+03 8.036252384900433299e+02 1.565102099802511970e-01
2.779941650390625000e+03 7.668500000000000000e+03 1.938892944335937500e+03 7.740990234375000000e+03 8.441669029498885948e+02 1.484818516726605475e+00
