# Fibre lengths: [x0, y0, x1, y1, length01, angle01]
9.047570312500000000e+03 8.041779174804687500e+02 9.182230468750000000e+03 1.571778564453125000e+03 7.793228540945754048e+02 1.736628266158733724e-01
6.512738281250000000e+03 1.020823608398437500e+03 6.119124023437500000e+03 1.862762451171875000e+03 9.294047551653479786e+02 4.373188980820867933e-01
7.190393066406250000e+03 1.216009521484375000e+03 7.486441406250000000e+03 1.246000000000000000e+03 2.975635198169235309e+02 1.469838098359113721e+00
7.876679199218750000e+03 2.300316162109375000e+03 7.821678222656250000e+03 2.384891113281250000e+03 1.008862219956407813e+02 5.766017584476385016e-01
1.615928100585937500e+03 4.592223632812500000e+03 1.721911865234375000e+03 4.986648437500000000e+03 4.084158235448620644e+02 2.625040719336247941e-01
6.638054199218750000e+02 5.172750976562500000e+03 8.590250244140625000e+02 5.450735839843750000e+03 3.396855578201424919e+02 6.122458415320598535e-01
6.583928222656250000e+03 5.593223632812500000e+03 6.686405761718750000e+03 5.975213867187500000e+03 3.954973895870535898e+02 2.621011695568652988e-01
9.418929443359375000e+02 6.303009765625000000e+03 1.548441650390625000e+03 6.344000000000000000e+03 6.079321772457295765e+02 1.503319463312248860e+00
1.652372558593750000e+03 7.671295410156250000e+03 1.743005126953125000e+03 7.949695800781250000e+03 2.927815567066501217e+02 3.147270702227951134e-01
