# Fibre lengths: [x0, y0, x1, y1, length01, angle01]
7.399520507812500000e+03 9.060657348632812500e+02 7.207654296875000000e+03 1.092137939453125000e+03 2.672742191466246027e+02 8.007275193444470807e-01
1.436184326171875000e+03 5.363315429687500000e+03 7.316545410156250000e+02 5.997637695312500000e+03 9.480121069057846626e+02 8.377887715301833849e-01
3.368784423828125000e+03 5.454076171875000000e+03 3.466046875000000000e+03 6.073878906250000000e+03 6.273877700008888496e+02 1.556554409323071819e-01
7.593416992187500000e+03 7.109692382812500000e+03 7.407971191406250000e+03 8.062291992187500000e+03 9.704824371459802705e+02 1.922686181372663672e-01
8.033216796875000000e+03 7.344982910156250000e+03 7.813624511718750000e+03 7.505037109375000000e+03 2.717317029492494385e+02 9.409562194186095185e-01
3.868062011718750000e+03 7.371818359375000000e+03 4.472778320312500000e+03 7.478230468750000000e+03 6.140076146929193328e+02 1.396609349536578115e+00
8.372832641601562500e+02 7.403270507812500000e+03 1.001551391601562500e+03 7.655216796875000000e+03 3.007672692722246666e+02 5.777775355417240633e-01
2.164176269531250000e+03 7.912261718750000000e+03 1.429631347656250000e+03 8.255194335937500000e+03 8.106534538157585530e+02 1.134007094327502463e+00
8.108000000000000000e+03 8.961558593750000000e+03 8.064834960937500000e+03 9.318451171875000000e+03 3.594934393253601002e+02 1.203622465515228751e-01
7.605154296875000000e+03 9.274927734375000000e+03 7.857615722656250000e+03 9.333035156250000000e+03 2.590622395959334767e+02 1.344572596869264114e+00
