# Fibre lengths: [x0, y0, x1, y1, length01, angle01]
6.377392578125000000e+03 1.040096130371093750e+02 7.048941406250000000e+03 1.619999694824218750e+02 6.740480027392078455e+02 1.484656863211577971e+00
4.962796875000000000e+03 3.207523803710937500e+02 5.221017089843750000e+03 6.752167358398437500e+02 4.385460735793090521e+02 6.295854936985361139e-01
2.386122558593750000e+03 3.759497070312500000e+02 1.979123535156250000e+03 1.209262573242187500e+03 9.273934106255912866e+02 4.543333583274201115e-01
3.514184570312500000e+03 1.295815673828125000e+03 2.817654541015625000e+03 1.969137939453125000e+03 9.687708475685509484e+02 8.023383428172284892e-01
8.080677795410156250e+01 2.010826782226562500e+03 2.030747375488281250e+02 2.582173339843750000e+03 5.842827593250273139e+02 2.108198055335409604e-01
9.833927734375000000e+03 4.002223632812500000e+03 9.960912109375000000e+03 4.508648437500000000e+03 5.221025898201551172e+02 2.456813651253869635e-01
5.125574707031250000e+03 4.509326660156250000e+03 5.023789550781250000e+03 4.948702148437500000e+03 4.510111281722699914e+02 2.276431833117374681e-01
5.623000000000000000e+03 5.366058105468750000e+03 5.592834960937500000e+03 5.721951171875000000e+03 3.571691536200818291e+02 8.455661564251162887e-02
6.017016601562500000e+02 6.139366699218750000e+03 8.611965332031250000e+02 6.244638671875000000e+03 2.800353144954257800e+02 1.185402702321550539e+00
1.763738525390625000e+03 8.797324218750000000e+03 1.372123535156250000e+03 9.675762695312500000e+03 9.617777589868230734e+02 4.193624776822207911e-01
