# Fibre lengths: [x0, y0, x1, y1, length01, angle01]
6.944000000000000000e+03 2.855825042724609375e+01 6.917365234375000000e+03 2.228225402832031250e+02 1.960816795448722587e+02 1.362562804957918317e-01
7.532392578125000000e+03 2.346009765625000000e+03 7.818441406250000000e+03 2.360000000000000000e+03 2.863907448392025685e+02 1.521926714736188124e+00
9.651025390625000000e+03 3.336264160156250000e+03 9.537332031250000000e+03 3.498240234375000000e+03 1.978949938358495046e+02 6.120097258611207902e-01
7.674834472656250000e+03 4.295048828125000000e+03 7.706000000000000000e+03 4.758941406250000000e+03 4.649382906731529488e+02 6.708183483597125740e-02
2.069574951171875000e+03 4.326326660156250000e+03 1.881789550781250000e+03 5.078702148437500000e+03 7.754561444506817907e+02 2.445927464040089927e-01
3.547173339843750000e+03 4.897925292968750000e+03 3.223154296875000000e+03 4.973071289062500000e+03 3.326187922161141728e+02 1.342906635701035523e+00
2.044794921875000000e+02 6.018065429687500000e+03 6.163959350585937500e+02 6.429934570312500000e+03 5.825043732940990822e+02 7.854555839774989279e-01
1.318952636718750000e+03 6.680998046875000000e+03 1.846878784179687500e+03 6.764046875000000000e+03 5.344184924063569042e+02 1.414763598984530635e+00
2.267441650390625000e+03 7.182000000000000000e+03 1.974392944335937500e+03 7.190990234375000000e+03 2.931865761498027041e+02 1.540127651685953225e+00
4.381857910156250000e+02 9.246347656250000000e+03 6.306764526367187500e+02 9.332738281250000000e+03 2.109881392382449405e+02 1.148937240927905279e+00
