# Fibre lengths: [x0, y0, x1, y1, length01, angle01]
5.214479492187500000e+03 1.206576251983642578e+01 5.496520507812500000e+03 2.939343872070312500e+02 3.987443492738576651e+02 7.857038700570105894e-01
6.066545410156250000e+02 1.023621139526367188e+02 1.149184326171875000e+03 6.091843872070312500e+02 7.424334208859665978e+02 8.194131911406241642e-01
2.531551269531250000e+03 2.259783447265625000e+03 2.011313232421875000e+03 3.092219238281250000e+03 9.816297476234227588e+02 5.585696567972737725e-01
4.075638183593750000e+03 5.384803710937500000e+03 3.808169677734375000e+03 6.012747070312500000e+03 6.825337092113524022e+02 4.026696820093162432e-01
4.900000000000000000e+03 7.248558593750000000e+03 4.801834960937500000e+03 8.186951171875000000e+03 9.435131189200425297e+02 1.042306750687492373e-01
9.168115234375000000e+03 7.560426757812500000e+03 9.437224609375000000e+03 7.778594726562500000e+03 3.464348687724600495e+02 8.895627240191684715e-01
6.575513183593750000e+03 7.727304687500000000e+03 6.343870605468750000e+03 8.438713867187500000e+03 7.481719755136772392e+02 3.147843314469520593e-01
5.466832519531250000e+03 7.899259765625000000e+03 6.008510742187500000e+03 8.671731445312500000e+03 9.434658408332871886e+02 6.115491742143612797e-01
1.790784423828125000e+03 8.762076171875000000e+03 1.817046997070312500e+03 8.933878906250000000e+03 1.737984530772010885e+02 1.516904247990310262e-01
4.209975585937500000e+03 9.562255859375000000e+03 4.293887695312500000e+03 9.719777343750000000e+03 1.784776180350503694e+02 4.894661674738328694e-01
