# Fibre lengths: [x0, y0, x1, y1, length01, angle01]
3.278206542968750000e+03 5.699799346923828125e+01 2.480671386718750000e+03 3.635036010742187500e+02 8.544050637420228895e+02 1.203883228761553070e+00
8.919558593750000000e+03 3.110000000000000000e+03 9.613441406250000000e+03 3.110000000000000000e+03 6.938828125000000000e+02 1.570796326794896558e+00
1.925654541015625000e+03 4.681362304687500000e+03 2.147184570312500000e+03 4.888184570312500000e+03 3.030693046788676952e+02 8.197203511909361140e-01
3.076154296875000000e+03 4.699928222656250000e+03 4.040173583984375000e+03 4.905074707031250000e+03 9.856055326398536636e+02 1.361120757076408117e+00
2.361979827880859375e+02 5.702747070312500000e+03 5.896380615234375000e+02 6.576196777343750000e+03 9.422495847541817966e+02 3.845072356883928455e-01
5.893238769531250000e+03 5.880247070312500000e+03 6.068611816406250000e+03 6.095721191406250000e+03 2.778215298196757317e+02 6.831555297727635034e-01
6.599121093750000000e+02 6.882351562500000000e+03 4.799638671875000000e+02 7.553210937500000000e+03 6.945744530946712985e+02 2.620664170427822737e-01
6.067912109375000000e+03 7.438351562500000000e+03 5.888963867187500000e+03 8.107210937500000000e+03 6.923838075138577324e+02 2.614198063431843466e-01
7.814834472656250000e+03 8.390048828125000000e+03 7.871000000000000000e+03 9.041441406250000000e+03 6.538094961822868072e+02 8.601104549148229361e-02
3.204441894531250000e+03 8.921000000000000000e+03 2.364393066406250000e+03 9.022990234375000000e+03 8.462174906854934306e+02 1.449977759346307238e+00
