# Fibre lengths: [x0, y0, x1, y1, length01, angle01]
1.922441650390625000e+03 3.569998779296875000e+02 9.983930664062500000e+02 4.689904174804687500e+02 9.308102204597904574e+02 1.450189028775062505e+00
5.368067626953125000e+02 4.678267822265625000e+02 7.400747070312500000e+02 1.420173339843750000e+03 9.737976293870635800e+02 2.102836991061452498e-01
5.103109436035156250e+02 5.382418212890625000e+02 1.017510620117187500e+03 1.289731445312500000e+03 9.066356307086440438e+02 5.936986361924834199e-01
1.075581054687500000e+03 1.324978759765625000e+03 1.694787841796875000e+03 1.809036376953125000e+03 7.859572647158082646e+02 9.072902242221215774e-01
9.181025390625000000e+03 1.595264038085937500e+03 9.000805664062500000e+03 1.852248657226562500e+03 3.138793467514457802e+02 6.115885588411587026e-01
8.965392578125000000e+03 2.559009765625000000e+03 9.576941406250000000e+03 2.622000000000000000e+03 6.147843026685686709e+02 1.468157127170839793e+00
5.029441406250000000e+03 2.563000000000000000e+03 4.552393066406250000e+03 2.620490234375000000e+03 4.804999954174509753e+02 1.450862317599834084e+00
6.743154296875000000e+03 3.406769042968750000e+03 7.103184570312500000e+03 3.791184570312500000e+03 5.266850059138331517e+02 7.526536198374457198e-01
4.167184570312500000e+03 6.494815429687500000e+03 3.857154296875000000e+03 6.837230468750000000e+03 4.619164745101699054e+02 7.358028816667440131e-01
6.356766601562500000e+03 7.453295898437500000e+03 6.704611816406250000e+03 7.881721191406250000e+03 5.518555292330174780e+02 6.819644898322382298e-01
