# Fibre lengths: [x0, y0, x1, y1, length01, angle01]
5.567558105468750000e+03 4.249999389648437500e+02 6.026441406250000000e+03 4.250000000000000000e+02 4.588833007812540359e+02 1.570796193786883066e+00
7.608205078125000000e+03 4.349931945800781250e+02 6.756687500000000000e+03 6.954860839843750000e+02 8.904710726834783827e+02 1.273920844670884289e+00
6.986686523437500000e+03 1.756013916015625000e+03 7.474205078125000000e+03 1.896006835937500000e+03 5.072202271132741771e+02 1.291166086015900660e+00
2.936630615234375000e+03 2.665475097656250000e+03 3.720216796875000000e+03 3.235017089843750000e+03 9.687029394623724556e+02 9.422829487044094288e-01
9.689000000000000000e+03 3.002558349609375000e+03 9.655833984375000000e+03 3.981451171875000000e+03 9.794545125096918810e+02 3.386819560153304931e-02
3.826393066406250000e+03 4.769009765625000000e+03 3.956441650390625000e+03 4.773000000000000000e+03 1.301097850536556280e+02 1.540123306056798036e+00
2.875006835937500000e+03 5.303794921875000000e+03 2.807885009765625000e+03 5.522226074218750000e+03 2.285115048807519429e+02 2.981318674887472597e-01
4.760238769531250000e+03 6.709247070312500000e+03 4.874611816406250000e+03 6.849721191406250000e+03 1.811468259410925725e+02 6.833354972066179034e-01
4.919006835937500000e+03 7.175794921875000000e+03 4.725884765625000000e+03 7.850225585937500000e+03 7.015360679748197299e+02 2.788857197166276225e-01
2.568679199218750000e+03 8.967316406250000000e+03 2.192156738281250000e+03 9.414728515625000000e+03 5.847621389982581377e+02 6.995715663695034614e-01
