# Fibre lengths: [x0, y0, x1, y1, length01, angle01]
2.095035644531250000e+03 4.913843994140625000e+02 1.993789550781250000e+03 8.957023925781250000e+02 4.168018847076494353e+02 2.453664285019070135e-01
8.136697265625000000e+03 2.039307861328125000e+03 7.443165527343750000e+03 2.334611816406250000e+03 7.537842515522564781e+02 1.168250536529051420e+00
7.416393066406250000e+03 2.988009521484375000e+03 7.534441894531250000e+03 2.999500000000000000e+03 1.186067321790960989e+02 1.473765335127541931e+00
6.674061523437500000e+03 3.077818359375000000e+03 7.112232421875000000e+03 3.154952880859375000e+03 4.449083845491670104e+02 1.396544140829950154e+00
8.987184570312500000e+03 3.465815917968750000e+03 8.816654296875000000e+03 3.648230957031250000e+03 2.497114747760741409e+02 7.517377738161753475e-01
3.873152099609375000e+03 3.485364746093750000e+03 4.459684082031250000e+03 3.977679199218750000e+03 7.657632056709844619e+02 8.725088858186090812e-01
8.623375000000000000e+03 4.717795898437500000e+03 8.748501953125000000e+03 5.060206542968750000e+03 3.645569967599744245e+02 3.503538161440380994e-01
2.121834472656250000e+03 5.496548828125000000e+03 2.129000000000000000e+03 5.957441406250000000e+03 4.609482762228569754e+02 1.554581357560504661e-02
5.404001953125000000e+03 6.716793945312500000e+03 5.188375976562500000e+03 7.278205078125000000e+03 6.013958944109498361e+02 3.667060990435090928e-01
4.747969726562500000e+03 7.856390625000000000e+03 4.642307128906250000e+03 8.279673828125000000e+03 4.362719961116305285e+02 2.446268652123703424e-01
