# Fibre lengths: [x0, y0, x1, y1, length01, angle01]
9.220785156250000000e+03 1.240076416015625000e+03 9.343046875000000000e+03 2.016878906250000000e+03 7.863650785138098627e+02 1.561103525939258885e-01
1.252016967773437500e+03 1.555783203125000000e+03 1.086796875000000000e+03 1.782247558593750000e+03 2.803279924551589488e+02 6.302928426879128576e-01
3.066698730468750000e+03 1.923467285156250000e+03 2.909146728515625000e+03 2.025562988281250000e+03 1.877396226586855619e+02 9.958194004070691774e-01
1.099753112792968750e+02 3.614255859375000000e+03 4.178875732421875000e+02 4.192777343750000000e+03 6.553602589038773658e+02 4.891057114290766061e-01
5.585184570312500000e+03 3.918815917968750000e+03 5.347654296875000000e+03 4.141137695312500000e+03 3.253422866468136476e+02 8.184586982092727503e-01
6.228184570312500000e+03 3.946815917968750000e+03 5.650154296875000000e+03 4.587230468750000000e+03 8.626991328745967849e+02 7.342429123415852299e-01
1.407086059570312500e+03 4.495018554687500000e+03 2.318648437500000000e+03 4.738912109375000000e+03 9.436260037085301065e+02 1.309364267657183056e+00
1.203692138671875000e+03 5.058302734375000000e+03 8.241697387695312500e+02 5.949747070312500000e+03 9.688706085451683521e+02 4.024962113924315243e-01
1.623648681640625000e+03 5.439407714843750000e+03 1.787721435546875000e+03 5.572611328125000000e+03 2.113363933769138612e+02 8.888672085528529498e-01
6.282832641601562500e+02 8.518270507812500000e+03 7.955512084960937500e+02 8.775216796875000000e+03 3.065941301873864973e+02 5.770667077021026659e-01
