# Fibre lengths: [x0, y0, x1, y1, length01, angle01]
4.760892578125000000e+03 9.300961303710937500e+01 5.542441406250000000e+03 1.739999694824218750e+02 7.857340571597361532e+02 1.467536882032607570e+00
3.853648193359375000e+03 3.378451416015625000e+03 4.568216796875000000e+03 3.825551269531250000e+03 8.429155166112223014e+02 1.011699553416252062e+00
2.576571777343750000e+03 3.385134765625000000e+03 2.823307861328125000e+03 3.433416748046875000e+03 2.514156816241397507e+02 1.377555445131822820e+00
5.558392578125000000e+03 5.551009765625000000e+03 5.828441406250000000e+03 5.564000000000000000e+03 2.703610840354122047e+02 1.522730097904347657e+00
5.659731445312500000e+03 5.846489257812500000e+03 5.106121093750000000e+03 6.220020507812500000e+03 6.678398131915447493e+02 9.772399439476334715e-01
5.410156738281250000e+03 6.265271972656250000e+03 5.771681640625000000e+03 6.679681640625000000e+03 5.499414768142403318e+02 7.173471870391802119e-01
1.426558349609375000e+03 6.282000000000000000e+03 2.234441650390625000e+03 6.282000000000000000e+03 8.078833007812500000e+02 1.570796326794896558e+00
6.277887695312500000e+03 7.966222656250000000e+03 6.028975585937500000e+03 8.433744140625000000e+03 5.296542046899234037e+02 4.892365191265004576e-01
1.717941650390625000e+03 8.129000000000000000e+03 8.363928833007812500e+02 8.204990234375000000e+03 8.848179160019258234e+02 1.484808058567580691e+00
7.874479492187500000e+03 8.829065429687500000e+03 8.042395507812500000e+03 8.996934570312500000e+03 2.374359633196944230e+02 7.855377615864183038e-01
