# Fibre lengths: [x0, y0, x1, y1, length01, angle01]
8.081574707031250000e+03 2.652326660156250000e+03 7.986789550781250000e+03 3.061702148437500000e+03 4.202053262999515937e+02 2.275267098655210651e-01
8.861035156250000000e+03 2.919384277343750000e+03 8.660789062500000000e+03 3.786702392578125000e+03 8.901343781002070727e+02 2.269036717548993942e-01
7.486000000000000000e+03 3.077058349609375000e+03 7.437334960937500000e+03 3.641951171875000000e+03 5.669851732401630215e+02 8.593697488375907911e-02
1.422441650390625000e+03 3.095000000000000000e+03 8.859477539062500000e+02 3.168982421875000000e+03 5.415709553802508935e+02 1.433760765820573768e+00
6.258933593750000000e+03 7.135819335937500000e+03 6.169927734375000000e+03 7.468776367187500000e+03 3.446482665876846454e+02 2.612116505080344653e-01
1.221526611328125000e+03 7.281553222656250000e+03 1.915166992187500000e+03 7.634886718750000000e+03 7.784481597515475642e+02 1.099664941262139983e+00
8.501332031250000000e+03 8.251759765625000000e+03 9.017025390625000000e+03 8.986736328125000000e+03 8.978475306686482327e+02 6.118298030519641051e-01
5.324954101562500000e+03 8.940752929687500000e+03 5.403902343750000000e+03 9.077772460937500000e+03 1.581365766939005084e+02 5.227224298019368387e-01
1.823992187500000000e+03 9.636113281250000000e+03 1.783834472656250000e+03 9.969451171875000000e+03 3.357481070502057037e+02 1.198937043395422453e-01
3.360708251953125000e+03 9.688925781250000000e+03 3.756173339843750000e+03 9.773074218750000000e+03 4.043186803426613665e+02 1.361139717597880994e+00
