# Fibre lengths: [x0, y0, x1, y1, length01, angle01]
5.031348800659179688e+01 4.357806701660156250e+02 3.820119018554687500e+02 9.862149658203125000e+02 6.426521233002367808e+02 5.423380115479099484e-01
8.801000000000000000e+03 2.883058349609375000e+03 8.751833984375000000e+03 3.453951171875000000e+03 5.730060310388087146e+02 8.590929695301934010e-02
6.658654296875000000e+03 3.159862304687500000e+03 6.751184570312500000e+03 3.250184570312500000e+03 1.293056965877821369e+02 7.974729232762299835e-01
6.019224121093750000e+03 4.349992675781250000e+03 5.353121582031250000e+03 4.817020507812500000e+03 8.135155735677828943e+02 9.593089950592923465e-01
5.579216796875000000e+03 4.595982910156250000e+03 5.023624511718750000e+03 5.000037109375000000e+03 6.869807735529788033e+02 9.420152469958351649e-01
3.156393066406250000e+03 6.155009765625000000e+03 3.605441650390625000e+03 6.170000000000000000e+03 4.492987178982260730e+02 1.537426508033328476e+00
5.313691894531250000e+03 7.101302734375000000e+03 5.131169921875000000e+03 7.529747070312500000e+03 4.657025010661358237e+02 4.027266077812844958e-01
2.402809570312500000e+03 7.678721679687500000e+03 2.697000976562500000e+03 8.068251953125000000e+03 4.881418005412423895e+02 6.468504716066845184e-01
7.775681640625000000e+03 8.656318359375000000e+03 7.645654296875000000e+03 8.769638671875000000e+03 1.724778343665594491e+02 8.539455902363954909e-01
3.338975097656250000e+03 9.423255859375000000e+03 3.630895263671875000e+03 9.949272460937500000e+03 6.015902662493401749e+02 5.066461914364708274e-01
