# Fibre lengths: [x0, y0, x1, y1, length01, angle01]
9.845115234375000000e+03 2.112495422363281250e+02 9.365238281250000000e+03 8.027530517578125000e+02 7.616812272314226675e+02 6.815832701378023994e-01
6.251000000000000000e+03 8.495582885742187500e+02 6.240834960937500000e+03 1.168451293945312500e+03 3.190549747202675803e+02 3.186522801091733886e-02
4.094671386718750000e+03 1.575496582031250000e+03 4.844206054687500000e+03 1.863001953125000000e+03 8.027836301861038919e+02 1.204526086695837161e+00
3.582654785156250000e+03 3.946769042968750000e+03 3.911934570312500000e+03 4.298520507812500000e+03 4.818238992954480295e+02 7.524135837642861313e-01
4.956892578125000000e+03 4.419009765625000000e+03 5.494941406250000000e+03 4.465000000000000000e+03 5.400107805447528335e+02 1.485527636013534991e+00
6.579441406250000000e+03 4.587000000000000000e+03 6.361393066406250000e+03 4.612990234375000000e+03 2.195918276973961554e+02 1.452161218281140531e+00
3.871154296875000000e+03 5.344862304687500000e+03 4.005184570312500000e+03 5.466684570312500000e+03 1.811208949838175783e+02 8.330770167837621143e-01
7.847000000000000000e+03 6.799558105468750000e+03 7.847000000000000000e+03 7.114441406250000000e+03 3.148833007812500000e+02 0.000000000000000000e+00
5.850000000000000000e+03 7.739558593750000000e+03 5.834834472656250000e+03 7.887451171875000000e+03 1.486681132054659997e+02 1.021870309438227958e-01
5.495611816406250000e+03 8.429278320312500000e+03 5.401766113281250000e+03 8.544705078125000000e+03 1.487627386617064360e+02 6.826372119975353536e-01
