# Fibre lengths: [x0, y0, x1, y1, length01, angle01]
9.388513671875000000e+03 4.383043823242187500e+02 9.129884765625000000e+03 1.283225830078125000e+03 8.836182230028013009e+02 2.970420105503905339e-01
3.898685791015625000e+03 1.493347778320312500e+03 4.242050292968750000e+03 1.661122680664062500e+03 3.821617446291195961e+02 1.116293765996417608e+00
8.986687500000000000e+03 1.927514404296875000e+03 9.815205078125000000e+03 2.181006835937500000e+03 8.664293336223055348e+02 1.273881541461062916e+00
3.373952636718750000e+03 2.107997802734375000e+03 3.702878906250000000e+03 2.159047119140625000e+03 3.328641216672201608e+02 1.416824845461395865e+00
6.616185546875000000e+03 2.593347656250000000e+03 6.774176757812500000e+03 2.667738281250000000e+03 1.746287141949692341e+02 1.130737059194329763e+00
2.032433349609375000e+03 3.066266845703125000e+03 2.228912109375000000e+03 3.798648437500000000e+03 7.582787739624277492e+02 2.621021842728527562e-01
7.510180664062500000e+03 4.478066406250000000e+03 7.384687500000000000e+03 4.513985351562500000e+03 1.305323900753368775e+02 1.292027033245231271e+00
8.317392578125000000e+03 6.547009765625000000e+03 8.660441406250000000e+03 6.558000000000000000e+03 3.432248297101380103e+02 1.538770341602503144e+00
9.613000976562500000e+03 7.829748046875000000e+03 9.322810546875000000e+03 8.214278320312500000e+03 4.817406114000919501e+02 6.464781918377510150e-01
8.861479492187500000e+03 9.342065429687500000e+03 9.261935546875000000e+03 9.742395507812500000e+03 5.662413117986417319e+02 7.855554795100767596e-01
