# Fibre lengths: [x0, y0, x1, y1, length01, angle01]
6.462205078125000000e+03 6.879930419921875000e+02 5.886687500000000000e+03 8.529855346679687500e+02 5.987010985209841465e+02 1.291599066674739671e+00
9.795416992187500000e+03 2.491692382812500000e+03 9.726546875000000000e+03 2.845199707031250000e+03 3.601534691179864467e+02 1.924093755775178327e-01
2.319393066406250000e+03 4.152009765625000000e+03 3.173441650390625000e+03 4.196000000000000000e+03 8.551807554699084903e+02 1.519333922817378113e+00
1.859419921875000000e+03 4.228169433593750000e+03 1.947000000000000000e+03 4.857441406250000000e+03 6.353373006955198434e+02 1.382885040064247284e-01
6.139415893554687500e+02 4.410000000000000000e+03 1.048929443359375000e+02 4.444990234375000000e+03 5.102497814775016423e+02 1.502167750381652844e+00
2.893941650390625000e+03 5.303000000000000000e+03 2.697893066406250000e+03 5.315990234375000000e+03 1.964784809372160339e+02 1.504632760848634510e+00
4.662393066406250000e+03 6.385009277343750000e+03 5.115441406250000000e+03 6.440000000000000000e+03 4.563735069144950103e+02 1.450007833147632708e+00
9.836519775390625000e+02 6.747364746093750000e+03 1.410684082031250000e+03 7.106679199218750000e+03 5.580889664664088059e+02 8.713030246696765735e-01
7.846878906250000000e+03 7.447953125000000000e+03 7.142057617187500000e+03 7.558430664062500000e+03 7.134271764889745100e+02 1.415315966750025467e+00
7.003000000000000000e+03 9.579558593750000000e+03 6.986834960937500000e+03 9.744451171875000000e+03 1.656830432138466449e+02 9.772150140308097366e-02
