# Fibre lengths: [x0, y0, x1, y1, length01, angle01]
4.831684570312500000e+03 9.438157958984375000e+02 4.184154296875000000e+03 1.507637939453125000e+03 8.585981974012327100e+02 8.543915193545326137e-01
8.863416015625000000e+03 9.680522460937500000e+02 9.384777343750000000e+03 1.233387573242187500e+03 5.849961284463618085e+02 1.100031931595589096e+00
4.708838867187500000e+03 1.447068359375000000e+03 4.741000000000000000e+03 1.681441650390625000e+03 2.365696049903243932e+02 1.363701476517823197e-01
6.830441406250000000e+03 2.613000000000000000e+03 6.466392578125000000e+03 2.662990234375000000e+03 3.674650633625640808e+02 1.434332391754560287e+00
4.050676269531250000e+03 2.856261718750000000e+03 3.461185546875000000e+03 3.119652343750000000e+03 6.456577525560104505e+02 1.150597982509470985e+00
8.936833984375000000e+03 6.529548828125000000e+03 8.978000000000000000e+03 7.325441406250000000e+03 7.969564836030239121e+02 5.167702954362214662e-02
1.298392944335937500e+03 6.551009765625000000e+03 1.739441650390625000e+03 6.612000000000000000e+03 4.452457409135224680e+02 1.433383225760153756e+00
7.819685546875000000e+03 7.616347656250000000e+03 8.169050292968750000e+03 7.787123046875000000e+03 3.888701066632298193e+02 1.116135158992099141e+00
3.860214843750000000e+03 8.338988281250000000e+03 3.477647949218750000e+03 8.569548828125000000e+03 4.466716854319105323e+02 1.028417904393222893e+00
3.930006835937500000e+03 8.511794921875000000e+03 3.700884765625000000e+03 9.259226562500000000e+03 7.817614601089422877e+02 2.974512931015128592e-01
