# Fibre lengths: [x0, y0, x1, y1, length01, angle01]
8.749998779296875000e+02 2.930582885742187500e+02 8.258345947265625000e+02 8.679512939453125000e+02 5.769915014079946332e+02 8.531317015027879702e-02
5.128731445312500000e+03 1.135489501953125000e+03 4.382121093750000000e+03 1.659020629882812500e+03 9.118727208177743933e+02 9.592583094548148281e-01
1.527834472656250000e+03 3.161548828125000000e+03 1.572000000000000000e+03 4.012441650390625000e+03 8.520382554725532600e+02 5.185838657017667608e-02
8.692720703125000000e+03 3.599388183593750000e+03 8.007115234375000000e+03 4.155573242187500000e+03 8.828344568393557665e+02 8.892440621543511448e-01
4.369000000000000000e+03 3.987558349609375000e+03 4.352834960937500000e+03 4.318451171875000000e+03 3.312874406233997888e+02 4.881398614787947621e-02
9.694416503906250000e+02 4.026000000000000000e+03 5.789292907714843750e+01 4.104990234375000000e+03 9.149647689691945516e+02 1.484357276663300418e+00
2.331146972656250000e+03 5.473436523437500000e+03 2.652216796875000000e+03 5.674551269531250000e+03 3.788574575222356202e+02 1.011198490370856184e+00
2.925283203125000000e+03 5.845270507812500000e+03 3.019532714843750000e+03 5.989698730468750000e+03 1.724600880171007020e+02 5.781797120978761084e-01
8.486000000000000000e+03 6.083558593750000000e+03 8.416833984375000000e+03 7.078951171875000000e+03 9.977927251206896244e+02 6.937465659208019719e-02
2.663911132812500000e+03 9.212732421875000000e+03 2.571960449218750000e+03 9.371742187500000000e+03 1.836818820065695945e+02 5.242888005681318742e-01
