# Fibre lengths: [x0, y0, x1, y1, length01, angle01]
4.797294006347656250e+02 3.763849258422851562e+01 4.060169677734375000e+02 4.756671905517578125e+01 7.437803734432782221e+01 1.436913409976967815e+00
2.198948974609375000e+02 9.901020812988281250e+01 4.335981750488281250e+02 1.131324768066406250e+02 2.141693939954669759e+02 1.504808733821310529e+00
7.227955322265625000e+02 9.343220520019531250e+01 6.473924560546875000e+02 3.003701171875000000e+02 2.202474138641519801e+02 3.494235388100659367e-01
1.912680053710937500e+02 1.930354309082031250e+02 2.850180053710937500e+02 3.174182739257812500e+02 1.557567145812195122e+02 6.458784993235431315e-01
8.597805175781250000e+02 3.455461425781250000e+02 9.491926269531250000e+02 4.555809936523437500e+02 1.417822053496575450e+02 6.823646869734123488e-01
1.067491378784179688e+02 4.358082275390625000e+02 2.154338073730468750e+02 4.553263549804687500e+02 1.104233430121353194e+02 1.393105473203024136e+00
4.513591308593750000e+02 5.683610229492187500e+02 4.066428833007812500e+02 7.782102050781250000e+02 2.145605323350319793e+02 2.099474880748227190e-01
4.213056335449218750e+02 6.047140502929687500e+02 5.621228027343750000e+02 7.229110107421875000e+02 1.838477538561873530e+02 8.725090997039159912e-01
7.885411987304687500e+02 6.477503051757812500e+02 9.392934570312500000e+02 7.216125488281250000e+02 1.678745794340038344e+02 1.115214709922081493e+00
7.687413787841796875e+01 6.772870483398437500e+02 1.411181640625000000e+02 8.627282714843750000e+02 1.962542792952063166e+02 3.334987005388595493e-01
