# Fibre lengths: [x0, y0, x1, y1, length01, angle01]
1.957735961914062500e+03 1.911975097656250000e+03 1.720624511718750000e+03 2.078519042968750000e+03 2.897563209560356654e+02 9.584702997700035310e-01
5.205105590820312500e+02 3.608268554687500000e+03 1.998323974609375000e+02 4.065740234375000000e+03 5.586723736294707123e+02 6.113828866636228376e-01
9.273581054687500000e+03 3.622978759765625000e+03 9.954251953125000000e+03 4.136000976562500000e+03 8.523524311614845601e+02 9.249308952416135376e-01
6.691000000000000000e+03 4.382558105468750000e+03 6.679834960937500000e+03 4.734451171875000000e+03 3.520701468202901196e+02 3.171785915396588967e-02
7.119929687500000000e+03 4.955047851562500000e+03 7.095444824218750000e+03 5.079077148437500000e+03 1.264230003330422107e+02 1.949058001473607804e-01
1.842887573242187500e+03 6.384222656250000000e+03 1.606975341796875000e+03 6.827744140625000000e+03 5.023603169515980653e+02 4.888462880849517300e-01
5.970514160156250000e+03 6.465746582031250000e+03 5.521809570312500000e+03 7.039278320312500000e+03 7.281994670162565626e+02 6.638879092786367231e-01
4.053654541015625000e+03 6.864862304687500000e+03 4.277184570312500000e+03 7.073684570312500000e+03 3.058960814038320564e+02 8.194030579800241076e-01
8.174392578125000000e+03 7.885009765625000000e+03 8.468441406250000000e+03 7.894000000000000000e+03 2.941862295142367998e+02 1.540231897254920268e+00
9.246955078125000000e+03 8.657751953125000000e+03 9.500902343750000000e+03 9.097773437500000000e+03 5.080434237641430855e+02 5.234295795590537814e-01
