# Fibre lengths: [x0, y0, x1, y1, length01, angle01]
5.827000000000000000e+03 2.470058349609375000e+03 5.784834960937500000e+03 2.956951171875000000e+03 4.887151633548192535e+02 8.638472760903451175e-02
6.291843872070312500e+02 3.436815917968750000e+03 3.586546020507812500e+02 3.699137695312500000e+03 3.768276522834686375e+02 8.008008745481172141e-01
7.215307617187500000e+03 3.853583251953125000e+03 6.350737304687500000e+03 4.021253906250000000e+03 8.806788708540076414e+02 1.379239006214219909e+00
6.696205078125000000e+03 5.589993164062500000e+03 5.914091796875000000e+03 5.813998535156250000e+03 8.135598263105733849e+02 1.291853216678405136e+00
9.948197265625000000e+03 5.685361816406250000e+03 9.822701171875000000e+03 5.736633300781250000e+03 1.355656101543627301e+02 1.182940681831879726e+00
5.364185546875000000e+03 5.990347656250000000e+03 5.479676757812500000e+03 6.042738769531250000e+03 1.268189597601986662e+02 1.144921795905325945e+00
5.049513671875000000e+03 6.260281250000000000e+03 4.878352050781250000e+03 6.544231445312500000e+03 3.315479059705359646e+02 5.424665935023408325e-01
7.671466064453125000e+02 6.508437011718750000e+03 1.127698608398437500e+03 6.743532714843750000e+03 4.304273873027184436e+02 9.929856704322872485e-01
4.344095214843750000e+03 6.564465332031250000e+03 4.530731445312500000e+03 6.690510742187500000e+03 2.252121842730576020e+02 9.768039273249967680e-01
3.066189208984375000e+03 8.594499023437500000e+03 3.651695800781250000e+03 8.785004882812500000e+03 6.157194584336276648e+02 1.256230461042375346e+00
