# Fibre lengths: [x0, y0, x1, y1, length01, angle01]
8.983697265625000000e+03 9.653081054687500000e+02 8.645166015625000000e+03 1.109611816406250000e+03 3.680040328812933694e+02 1.167855481850278654e+00
5.957843750000000000e+03 1.117300781250000000e+03 5.983517089843750000e+03 1.218712768554687500e+03 1.046112400644346678e+02 2.479494608434641145e-01
7.661050292968750000e+03 1.510877319335937500e+03 6.951685546875000000e+03 1.857652099609375000e+03 7.895891914371303528e+02 1.116106363941333113e+00
6.335872070312500000e+03 2.217286621093750000e+03 6.583501953125000000e+03 2.936206298828125000e+03 7.603723179439333535e+02 3.317194810112128467e-01
9.995810546875000000e+02 3.417978759765625000e+03 1.687251831054687500e+03 3.937000976562500000e+03 8.615539206562713161e+02 9.242596428959326538e-01
1.854796752929687500e+03 3.433752441406250000e+03 1.987017089843750000e+03 3.615216796875000000e+03 2.245251206421166899e+02 6.296833120770242154e-01
8.869892578125000000e+03 3.571009765625000000e+03 9.636941406250000000e+03 3.624000000000000000e+03 7.688770185582693557e+02 1.501822652073233622e+00
9.373135375976562500e+02 4.405780273437500000e+03 1.143551269531250000e+03 4.747216796875000000e+03 3.988895857379575318e+02 5.433771002021891006e-01
4.312238769531250000e+03 7.079247070312500000e+03 4.866114257812500000e+03 7.761750488281250000e+03 8.789704045403459531e+02 6.817350777024673292e-01
2.220216796875000000e+03 9.554449218750000000e+03 1.984648071289062500e+03 9.696548828125000000e+03 2.751089301689610807e+02 1.028013032061741994e+00
