# Fibre lengths: [x0, y0, x1, y1, length01, angle01]
8.125039672851562500e+02 3.153338813781738281e+01 8.716835937500000000e+02 3.362621765136718750e+02 3.104220717886129250e+02 1.918165650652067233e-01
7.938753662109375000e+02 4.453401565551757812e+01 6.876741333007812500e+02 5.484326782226562500e+02 5.149685077833287323e+02 2.077191289097199967e-01
7.753286132812500000e+02 5.280003356933593750e+01 6.698880004882812500e+02 6.040159912109375000e+02 5.612100807940861387e+02 1.890041012286362565e-01
3.405582885742187500e+02 2.199999694824218750e+02 5.834415283203125000e+02 2.199998931884765625e+02 2.428832397461057440e+02 1.570796012677111442e+00
4.492426147460937500e+02 3.952359924316406250e+02 2.415888214111328125e+02 7.288065795898437500e+02 3.929242096174108951e+02 5.568127280117518563e-01
4.747989501953125000e+02 6.193594970703125000e+02 6.674749755859375000e+02 6.174042968750000000e+02 1.926859454348773113e+02 1.560649070103392821e+00
7.261200561523437500e+02 6.279180908203125000e+02 4.689095458984375000e+02 6.320433349609375000e+02 2.572435892773512478e+02 1.554759305295545957e+00
6.764980468750000000e+02 6.712224121093750000e+02 7.640798339843750000e+02 8.289685058593750000e+02 1.804283778308048625e+02 5.068323661357844179e-01
2.062203521728515625e+02 7.090986328125000000e+02 3.230667114257812500e+02 7.739545898437500000e+02 1.336389420532206032e+02 1.064081705026314939e+00
5.546411132812500000e+02 7.542762451171875000e+02 4.552543334960937500e+02 8.364904785156250000e+02 1.289841547220273981e+02 8.796797620489097413e-01
