# Fibre lengths: [x0, y0, x1, y1, length01, angle01]
6.194834960937500000e+03 4.555486755371093750e+02 6.235000000000000000e+03 8.494415893554687500e+02 3.959354214000177308e+02 1.016182085039031291e-01
7.724789062500000000e+03 6.922974853515625000e+02 7.949074707031250000e+03 1.661173461914062500e+03 9.944972138235160628e+02 2.274835993569292447e-01
2.057114746093750000e+03 2.366249511718750000e+03 1.627238525390625000e+03 2.896752929687500000e+03 6.828084955553263171e+02 6.810005343229177388e-01
7.349283203125000000e+03 4.766270019531250000e+03 7.515533203125000000e+03 5.020698730468750000e+03 3.039293198250506407e+02 5.787789649748829035e-01
6.576171875000000000e+03 5.631496093750000000e+03 6.823705078125000000e+03 5.716994628906250000e+03 2.618829627203477344e+02 1.238223320383742276e+00
4.266681640625000000e+03 6.208318359375000000e+03 3.666156738281250000e+03 6.897728027343750000e+03 9.142843368579342496e+02 7.166004977281479338e-01
8.236987915039062500e+02 6.439466796875000000e+03 2.814660263061523438e+01 6.956562988281250000e+03 9.488370547085171438e+02 9.944323563215606843e-01
3.649887695312500000e+03 6.542222656250000000e+03 3.378975341796875000e+03 7.051744140625000000e+03 5.770664141388565440e+02 4.886845014431879797e-01
2.326885253906250000e+03 8.674773437500000000e+03 2.521006835937500000e+03 9.352205078125000000e+03 7.046962582064661547e+02 2.790769663057813266e-01
9.154057617187500000e+03 9.022570312500000000e+03 9.533878906250000000e+03 9.082046875000000000e+03 3.844498317230944053e+02 1.415466813723761597e+00
