# Fibre lengths: [x0, y0, x1, y1, length01, angle01]
2.967809570312500000e+03 1.327212829589843750e+02 3.489000976562500000e+03 8.232518920898437500e+02 8.651433430914719338e+02 6.465465735886437582e-01
5.400855712890625000e+02 2.170796508789062500e+02 1.323777343750000000e+03 6.338873291015625000e+02 8.876381215609924311e+02 1.081993353463703400e+00
4.388024902343750000e+03 2.572639770507812500e+02 4.175311035156250000e+03 5.607581176757812500e+02 3.706155456636548706e+02 6.113182994089008115e-01
4.454648437500000000e+03 2.409451660156250000e+03 5.150216796875000000e+03 2.844551269531250000e+03 8.204431806297781122e+02 1.011815220646339331e+00
6.493770507812500000e+03 3.626354248046875000e+03 5.809654296875000000e+03 4.310137695312500000e+03 9.672511529183843777e+02 7.856414295341969112e-01
2.029887573242187500e+03 5.259222656250000000e+03 1.587975341796875000e+03 6.089744140625000000e+03 9.407722127642954320e+02 4.889888849261610493e-01
3.728441650390625000e+03 7.018000000000000000e+03 3.372558349609375000e+03 7.023000000000000000e+03 3.559184229215420601e+02 1.556747701740223366e+00
4.391878906250000000e+03 7.785953125000000000e+03 3.814952636718750000e+03 7.876001953125000000e+03 5.839115617299680707e+02 1.415961855721658669e+00
4.009551269531250000e+03 8.785783203125000000e+03 3.654283447265625000e+03 9.331729492187500000e+03 6.513620929087556988e+02 5.768936266890887232e-01
7.386546020507812500e+02 8.812769531250000000e+03 8.311843872070312500e+02 8.907184570312500000e+03 1.321966744749473150e+02 7.753139580223119554e-01
