# Fibre lengths: [x0, y0, x1, y1, length01, angle01]
6.872789062500000000e+03 1.229754066467285156e+01 6.917035156250000000e+03 2.016155090332031250e+02 1.944196748256760827e+02 2.295920834812175404e-01
2.297501953125000000e+03 1.539793823242187500e+03 2.035375732421875000e+03 2.221204833984375000e+03 7.300898034768003981e+02 3.672314419323742252e-01
9.572705078125000000e+03 1.564005737304687500e+03 9.355169921875000000e+03 1.638996093750000000e+03 2.300980177326761122e+02 1.238826287949568172e+00
5.145006835937500000e+03 4.243794921875000000e+03 5.094884765625000000e+03 4.416225585937500000e+03 1.795676915300910252e+02 2.828841545352062670e-01
2.753963867187500000e+03 4.247789062500000000e+03 2.914912109375000000e+03 4.846648437500000000e+03 6.201103834710694400e+02 2.625538539287244344e-01
5.435697265625000000e+03 5.160308105468750000e+03 4.774165039062500000e+03 5.441611328125000000e+03 7.188576979190878546e+02 1.168731044773170469e+00
1.982810424804687500e+03 6.245547851562500000e+03 2.159173339843750000e+03 6.283074707031250000e+03 1.803112383697922212e+02 1.361141124083077969e+00
7.540441406250000000e+03 6.398000000000000000e+03 6.490156738281250000e+03 6.396271972656250000e+03 1.050286089524529643e+03 1.569151034011710744e+00
6.443615722656250000e+03 6.890964843750000000e+03 5.558154296875000000e+03 7.112071289062500000e+03 9.126499858682371951e+02 1.326092884947561945e+00
