# Fibre lengths: [x0, y0, x1, y1, length01, angle01]
5.612085937500000000e+03 2.175079589843750000e+03 6.257271972656250000e+03 2.532895019531250000e+03 7.377648010599937152e+02 1.064433932267361271e+00
4.834738281250000000e+03 3.381823730468750000e+03 4.604580078125000000e+03 3.852341796875000000e+03 5.237938996212203620e+02 4.549373532841842760e-01
7.880697265625000000e+03 3.759308105468750000e+03 7.313165527343750000e+03 4.000611816406250000e+03 6.167007012066272864e+02 1.168772382321733527e+00
1.678392944335937500e+03 4.116009765625000000e+03 1.834441650390625000e+03 4.134000000000000000e+03 1.570822943371075553e+02 1.456017021632618924e+00
1.439000000000000000e+03 5.634558593750000000e+03 1.351834716796875000e+03 6.258451171875000000e+03 6.299521693234655686e+02 1.388134718401986267e-01
1.559165161132812500e+03 6.203388671875000000e+03 2.444697265625000000e+03 6.579691894531250000e+03 9.621700595361725163e+02 1.168971517270997795e+00
9.125000976562500000e+03 7.780748046875000000e+03 8.994865234375000000e+03 7.946709960937500000e+03 2.108996640916720366e+02 6.649890237624608291e-01
6.782392578125000000e+03 7.883509765625000000e+03 7.421441406250000000e+03 7.916000000000000000e+03 6.398742220606158071e+02 1.519998512903052434e+00
5.161789062500000000e+03 8.128297851562500000e+03 5.355035156250000000e+03 8.901615234375000000e+03 7.970971253928898932e+02 2.448773376352622877e-01
9.355583496093750000e+02 8.278000000000000000e+03 1.577441650390625000e+03 8.288000000000000000e+03 6.419611918347031860e+02 1.555218431136969448e+00
