# Fibre lengths: [x0, y0, x1, y1, length01, angle01]
3.982216796875000000e+03 2.674982910156250000e+03 3.712101074218750000e+03 2.871540283203125000e+03 3.340618273990558009e+02 9.417347689561119672e-01
1.923441650390625000e+03 4.662000000000000000e+03 1.109393066406250000e+03 4.746490234375000000e+03 8.184214664778218093e+02 1.467376463994220170e+00
2.569154541015625000e+03 5.093769531250000000e+03 3.057681884765625000e+03 5.635681640625000000e+03 7.296079083169895512e+02 7.336366747720106662e-01
1.584192382812500000e+03 5.555922851562500000e+03 1.758721435546875000e+03 5.697611816406250000e+03 2.248024755354168178e+02 8.888798753620246185e-01
9.868833984375000000e+03 5.545548828125000000e+03 9.884000000000000000e+03 5.777941406250000000e+03 2.328869219117337366e+02 6.516791699775752178e-02
1.559969848632812500e+03 6.172709960937500000e+03 1.643416625976562500e+03 6.603307617187500000e+03 4.386088305278982489e+02 1.914201525040720997e-01
5.886816406250000000e+03 6.732761718750000000e+03 6.079551269531250000e+03 7.040216796875000000e+03 3.628709861491987567e+02 5.599440682888378040e-01
6.087306640625000000e+03 7.361326171875000000e+03 6.196035156250000000e+03 7.830615234375000000e+03 4.817199542183661265e+02 2.276707266269165642e-01
5.371569824218750000e+02 8.430271484375000000e+03 8.896793212890625000e+02 8.849683593750000000e+03 5.478854961493132123e+02 6.989619318610134080e-01
8.471154296875000000e+03 9.509928710937500000e+03 9.183615234375000000e+03 9.688035156250000000e+03 7.343857932485033189e+02 1.325829274245396983e+00
