# Fibre lengths: [x0, y0, x1, y1, length01, angle01]
6.600051269531250000e+02 1.583043212890625000e+02 4.468707580566406250e+02 8.127141113281250000e+02 6.882430039628972054e+02 3.148553625426435687e-01
8.177185546875000000e+03 1.501347900390625000e+03 8.321675781250000000e+03 1.566738525390625000e+03 1.585981136950659334e+02 1.145814827927413848e+00
2.753197998046875000e+03 1.598746826171875000e+03 2.887638183593750000e+03 1.929196533203125000e+03 3.567508547528893246e+02 3.863890554003456823e-01
1.529510498046875000e+03 1.661268554687500000e+03 9.753108520507812500e+02 2.482758056640625000e+03 9.909501750549262624e+02 5.934939169635060630e-01
8.932313476562500000e+03 2.183780761718750000e+03 9.222550781250000000e+03 2.647216796875000000e+03 5.468186643793439998e+02 5.595139417896389800e-01
5.249017089843750000e+03 4.756783203125000000e+03 5.139822265625000000e+03 4.905739746093750000e+03 1.846931545276239319e+02 6.325743011925775150e-01
2.913590820312500000e+03 5.678074707031250000e+03 3.049777343750000000e+03 5.753887695312500000e+03 1.558665402134970179e+02 1.062835206745299743e+00
5.338684082031250000e+03 6.665320800781250000e+03 4.828152343750000000e+03 7.094635253906250000e+03 6.670483906393093321e+02 8.715995224867547631e-01
9.454833984375000000e+03 8.944548828125000000e+03 9.495000000000000000e+03 9.725441406250000000e+03 7.819248860228819922e+02 5.139074301146237533e-02
8.099738769531250000e+03 9.126324218750000000e+03 7.990123535156250000e+03 9.358262695312500000e+03 2.565364623542227491e+02 4.414922444877237839e-01
