# Fibre lengths: [x0, y0, x1, y1, length01, angle01]
4.152580078125000000e+03 6.696579589843750000e+02 4.579123046875000000e+03 1.542050170898437500e+03 9.710855140503198299e+02 4.547563815738506210e-01
9.397866210937500000e+03 1.042290283203125000e+03 9.704000976562500000e+03 1.433251831054687500e+03 4.965575763421229567e+02 6.643076168615771326e-01
3.814698730468750000e+03 2.455467285156250000e+03 3.720146728515625000e+03 2.517562988281250000e+03 1.131192177303745723e+02 9.897003497391272386e-01
5.921834472656250000e+03 3.309548828125000000e+03 5.962000000000000000e+03 3.646441894531250000e+03 3.392789527503990143e+02 1.186632524042033204e-01
6.514911132812500000e+03 5.730732421875000000e+03 6.432960449218750000e+03 5.871742675781250000e+03 1.630944703176291455e+02 5.264575330455769642e-01
4.594887695312500000e+03 5.959222656250000000e+03 4.154975585937500000e+03 6.786744140625000000e+03 9.371843314295034588e+02 4.886084648027179678e-01
3.742834472656250000e+03 6.811548828125000000e+03 3.857000000000000000e+03 7.751441894531250000e+03 9.468013223016854454e+02 1.208743629255958629e-01
6.864050292968750000e+03 7.150876953125000000e+03 6.465631835937500000e+03 7.346194335937500000e+03 4.437185447238898632e+02 1.114993799700077171e+00
6.290184570312500000e+03 8.015815429687500000e+03 5.737654296875000000e+03 8.550138671875000000e+03 7.686293191172713932e+02 8.021486528793948523e-01
2.915165527343750000e+03 9.207388671875000000e+03 3.372697021484375000e+03 9.402692382812500000e+03 4.974722179544414757e+02 1.167347938192904166e+00
