# Fibre lengths: [x0, y0, x1, y1, length01, angle01]
1.767885253906250000e+03 5.507739257812500000e+02 1.920006958007812500e+03 1.046205078125000000e+03 5.182596256428040533e+02 2.979112735307586357e-01
9.244721679687500000e+03 1.124388427734375000e+03 8.691631835937500000e+03 1.573110717773437500e+03 7.122219238673434347e+02 8.892024751217916245e-01
7.081216796875000000e+03 2.559448730468750000e+03 6.261648437500000000e+03 3.052548339843750000e+03 9.564724358048206341e+02 1.029158825070240368e+00
5.578046875000000000e+03 5.251121093750000000e+03 5.513784179687500000e+03 5.658923828125000000e+03 4.128350326371951837e+02 1.562975097831378335e-01
6.803115234375000000e+03 5.432426757812500000e+03 7.240721191406250000e+03 5.787611328125000000e+03 5.636089536347976718e+02 8.889896494994504739e-01
4.450146484375000000e+03 5.560437500000000000e+03 5.285216796875000000e+03 6.082551757812500000e+03 9.848582258528103921e+02 1.012028840373321081e+00
5.098865356445312500e+02 6.277833007812500000e+03 4.199753112792968750e+02 6.445744140625000000e+03 1.904683091467778127e+02 4.916186510901099926e-01
5.266091796875000000e+03 7.233074218750000000e+03 5.456772460937500000e+03 7.342902343750000000e+03 2.200484780413888757e+02 1.048226350728354239e+00
4.232738281250000000e+03 7.861823242187500000e+03 3.872123535156250000e+03 8.632262695312500000e+03 8.506585366830857993e+02 4.377737497450576720e-01
1.495184326171875000e+03 8.156815429687500000e+03 1.297654541015625000e+03 8.367230468750000000e+03 2.886044086419119026e+02 7.538228849156826117e-01
