# Fibre lengths: [x0, y0, x1, y1, length01, angle01]
9.251569824218750000e+02 1.291271972656250000e+03 9.976793212890625000e+02 1.376684082031250000e+03 1.120478382774702908e+02 7.039639665745076602e-01
8.639692382812500000e+03 2.739302978515625000e+03 8.532197265625000000e+03 3.003252929687500000e+03 2.849996086712919805e+02 3.867455833631054940e-01
5.266843872070312500e+02 2.868815917968750000e+03 9.965451049804687500e+01 3.341230957031250000e+03 6.368127548459702894e+02 7.349818437035462448e-01
1.513682006835937500e+03 4.519318359375000000e+03 1.094156738281250000e+03 5.000728027343750000e+03 6.385583132100504145e+02 7.168167997043123352e-01
2.011441650390625000e+03 4.708000000000000000e+03 1.057558349609375000e+03 4.740000000000000000e+03 9.544199031397724866e+02 1.537261822379228260e+00
1.191184326171875000e+03 4.769315429687500000e+03 9.306546020507812500e+02 5.013137695312500000e+03 3.568263364230858770e+02 8.185126378756537591e-01
1.861184326171875000e+03 5.027815429687500000e+03 1.443654541015625000e+03 5.418137695312500000e+03 5.715615387123746132e+02 8.190642779556356334e-01
9.160796875000000000e+03 7.553752441406250000e+03 9.377016601562500000e+03 7.850216796875000000e+03 3.669360764741777530e+02 6.301391685487551797e-01
5.757084960937500000e+03 8.244580078125000000e+03 6.596166992187500000e+03 8.671886718750000000e+03 9.416207412163608979e+02 1.099772235054201408e+00
9.757373046875000000e+02 8.625746093750000000e+03 1.705307617187500000e+03 8.767416015625000000e+03 7.431979599308762090e+02 1.379000545545688627e+00
