# Fibre lengths: [x0, y0, x1, y1, length01, angle01]
4.683000976562500000e+03 4.977481079101562500e+02 4.103809570312500000e+03 1.238278564453125000e+03 9.401319280513721424e+02 6.637494923167678307e-01
8.730545898437500000e+03 1.565801879882812500e+03 8.774416015625000000e+03 1.793307617187500000e+03 2.316968875246157893e+02 1.904927072213923600e-01
7.906393066406250000e+03 1.975009521484375000e+03 8.896441406250000000e+03 2.096000000000000000e+03 9.974138615032404687e+02 1.449192658961202751e+00
2.974393066406250000e+03 2.881009521484375000e+03 3.737941894531250000e+03 2.960000000000000000e+03 7.676238067095029010e+02 1.467711260141395080e+00
8.646216796875000000e+03 4.371448730468750000e+03 7.987647949218750000e+03 4.767548828125000000e+03 7.685103867005128677e+02 1.029307023162646439e+00
6.169749755859375000e+02 4.390255859375000000e+03 7.638863525390625000e+02 4.667166992187500000e+03 3.134688631327921939e+02 4.877770895588657840e-01
7.145019531250000000e+02 6.437793945312500000e+03 6.083758544921875000e+02 6.714205078125000000e+03 2.960842163198014418e+02 3.665878987845050396e-01
8.882675781250000000e+03 7.596261718750000000e+03 8.205185546875000000e+03 7.898652343750000000e+03 7.419117924398984769e+02 1.150990675466712965e+00
2.565152099609375000e+03 7.700364746093750000e+03 2.788684082031250000e+03 7.888679199218750000e+03 2.922821931305792873e+02 8.707019608478088202e-01
3.688501953125000000e+03 8.300293945312500000e+03 3.512872558593750000e+03 8.809713867187500000e+03 5.388453776609246688e+02 3.320021894059273504e-01
