# Fibre lengths: [x0, y0, x1, y1, length01, angle01]
1.096068115234375000e+03 2.331681152343750000e+03 1.226547729492187500e+03 2.638529785156250000e+03 3.334381699742367573e+02 4.020609450994330203e-01
4.639396972656250000e+03 3.138061035156250000e+03 4.090709228515625000e+03 3.892384277343750000e+03 9.327710299287761018e+02 6.288734712185983788e-01
9.967680664062500000e+03 6.287628906250000000e+03 9.409225585937500000e+03 6.585039062500000000e+03 6.327123163999964390e+02 1.081442218806712541e+00
1.164471313476562500e+03 6.378723632812500000e+03 1.473266113281250000e+03 6.632076660156250000e+03 3.994270707534229814e+02 8.837051448237304152e-01
4.924696289062500000e+03 6.963284179687500000e+03 5.126039062500000000e+03 7.341774414062500000e+03 4.287117562334241256e+02 4.888897949260815889e-01
3.835036621093750000e+03 7.060267578125000000e+03 4.158251953125000000e+03 7.304000976562500000e+03 4.048136860013063938e+02 9.246828539174631878e-01
8.391277343750000000e+03 7.962069824218750000e+03 8.384080078125000000e+03 8.099782226562500000e+03 1.379003494983377038e+02 5.221551069842659404e-02
5.795318603515625000e+02 8.075753906250000000e+03 8.187999725341796875e+01 8.363082031250000000e+03 5.746432182329049283e+02 1.047184457989474016e+00
9.394427734375000000e+03 9.490927734375000000e+03 9.652441406250000000e+03 9.522000000000000000e+03 2.598779339718759616e+02 1.450944752336003951e+00
