# Fibre lengths: [x0, y0, x1, y1, length01, angle01]
2.748000000000000000e+03 1.638558349609375000e+03 2.716834472656250000e+03 2.547451171875000000e+03 9.094269912755981977e+02 3.427612217644251946e-02
2.805375488281250000e+03 2.023795532226562500e+03 3.099501953125000000e+03 2.788206298828125000e+03 8.190446858492338151e+02 3.673132284371933842e-01
8.672216796875000000e+03 5.639448730468750000e+03 8.404657226562500000e+03 5.801041992187500000e+03 3.125708014173973766e+02 1.027475670098933369e+00
5.756091796875000000e+03 5.803074218750000000e+03 6.043772460937500000e+03 5.968902343750000000e+03 3.320529046951051555e+02 1.047887089322044218e+00
4.998345642089843750e+02 5.907548828125000000e+03 5.190000000000000000e+02 6.467441406250000000e+03 5.602205038808547215e+02 3.421719847409777915e-02
2.595654785156250000e+03 6.909769531250000000e+03 2.852184570312500000e+03 7.174184570312500000e+03 3.684058136820524965e+02 7.702628718650963435e-01
6.935170898437500000e+02 7.095287109375000000e+03 4.687896728515625000e+02 7.994702148437500000e+03 9.270651673101406232e+02 2.448464496657428713e-01
6.458834472656250000e+03 7.451548828125000000e+03 6.487000000000000000e+03 8.295441406250000000e+03 8.443624697634368204e+02 3.336334129572621904e-02
2.730204833984375000e+03 7.491993164062500000e+03 2.110687011718750000e+03 7.669985839843750000e+03 6.445802702041939938e+02 1.291023483191416243e+00
8.034261718750000000e+03 9.328331054687500000e+03 8.322307617187500000e+03 9.384416015625000000e+03 2.934552137039440254e+02 1.378493966329132681e+00
