# Fibre lengths: [x0, y0, x1, y1, length01, angle01]
1.350238769531250000e+03 1.227246948242187500e+03 1.891611694335937500e+03 1.894721191406250000e+03 8.594221948489694114e+02 6.814587354586405521e-01
8.067648437500000000e+03 1.639451416015625000e+03 8.156698730468750000e+03 1.697532714843750000e+03 1.063174113275062780e+02 9.928548339457646810e-01
1.514728515625000000e+03 2.011966064453125000e+03 1.274624511718750000e+03 2.187037109375000000e+03 2.971528284601203040e+02 9.407754454741880101e-01
4.273546875000000000e+03 2.424551513671875000e+03 4.722267578125000000e+03 2.683911132812500000e+03 5.182833987827166311e+02 1.046711972573745708e+00
8.155216796875000000e+03 5.051448730468750000e+03 7.808648437500000000e+03 5.260548828125000000e+03 4.047622494251809826e+02 1.027921297031773040e+00
5.200687500000000000e+03 6.070013671875000000e+03 5.835205078125000000e+03 6.264006835937500000e+03 6.635102897865228897e+02 1.274087943406450485e+00
3.407738525390625000e+03 7.311323242187500000e+03 3.127123535156250000e+03 7.939762695312500000e+03 6.882448103605921688e+02 4.199617693333612678e-01
8.890886718750000000e+03 8.733832031250000000e+03 8.755804687500000000e+03 8.999411132812500000e+03 2.979587460595353150e+02 4.705293437296643178e-01
9.348154296875000000e+03 8.939361328125000000e+03 9.558681640625000000e+03 9.122681640625000000e+03 2.791560485490657015e+02 8.543686814706916710e-01
2.698796875000000000e+03 8.949751953125000000e+03 2.774017089843750000e+03 9.053216796875000000e+03 1.279181559175702887e+02 6.286259369846503020e-01
