# Fibre lengths: [x0, y0, x1, y1, length01, angle01]
4.080000000000000000e+02 1.890558349609375000e+03 3.524199218750000000e+02 2.291830566406250000e+03 4.051031190418797223e+02 1.376339520207090217e-01
5.222778320312500000e+03 2.921769775390625000e+03 4.955061523437500000e+03 2.968181640625000000e+03 2.717100376569547961e+02 1.399140624236842934e+00
4.309687011718750000e+03 3.785013916015625000e+03 4.562695312500000000e+03 3.862512939453125000e+03 2.646116000820478575e+02 1.273560458464229050e+00
9.058720703125000000e+02 3.874286132812500000e+03 1.002502075195312500e+03 4.138206054687500000e+03 2.810535233832845279e+02 3.509750004717573924e-01
8.276941406250000000e+03 4.428000000000000000e+03 7.478892578125000000e+03 4.496990234375000000e+03 8.010253332515790134e+02 1.484562082243918280e+00
9.000242187500000000e+03 5.081468750000000000e+03 8.799121093750000000e+03 5.223020507812500000e+03 2.459402254431042536e+02 9.575154929644296153e-01
4.006682128906250000e+03 7.023318359375000000e+03 3.628156738281250000e+03 7.457728027343750000e+03 5.761885376962375176e+02 7.167623056432673723e-01
2.217975097656250000e+03 7.032255859375000000e+03 2.521887451171875000e+03 7.603777343750000000e+03 6.473017269570733561e+02 4.887317340053238812e-01
9.148581054687500000e+03 8.661978515625000000e+03 9.695253906250000000e+03 9.089513671875000000e+03 6.940010925533093769e+02 9.070857847555624520e-01
8.012695312500000000e+03 9.400995117187500000e+03 7.552687011718750000e+03 9.550486328125000000e+03 4.836892173030251456e+02 1.256587013191800661e+00
