# Fibre lengths: [x0, y0, x1, y1, length01, angle01]
8.785912109375000000e+03 2.737351562500000000e+03 8.577927734375000000e+03 3.512776611328125000e+03 8.028334239393877851e+02 2.620518792711397094e-01
9.696000000000000000e+03 3.311558349609375000e+03 9.679833984375000000e+03 3.806451171875000000e+03 4.951567888974392986e+02 3.265407904207903028e-02
4.378679199218750000e+03 5.104315917968750000e+03 3.880680908203125000e+03 5.696677246093750000e+03 7.738825756615127602e+02 6.990702171418379240e-01
5.082581054687500000e+03 6.030978515625000000e+03 5.595251953125000000e+03 6.417000976562500000e+03 6.417513462805957261e+02 9.254012906710955555e-01
7.937123046875000000e+03 6.646949707031250000e+03 7.679123535156250000e+03 7.174262695312500000e+03 5.870457696442545057e+02 4.550284828491424349e-01
5.260963867187500000e+03 6.890789062500000000e+03 5.437912109375000000e+03 7.550648437500000000e+03 6.831728003870153998e+02 2.619965614962132539e-01
1.934612426757812500e+02 7.059257812500000000e+03 4.319021606445312500e+02 7.471772460937500000e+03 4.764686836900137905e+02 5.240994759842917405e-01
1.540000152587890625e+02 7.494558105468750000e+03 2.083462142944335938e+01 8.447451171875000000e+03 9.621529078679909617e+02 1.388492852510878617e-01
7.082165039062500000e+03 7.789388671875000000e+03 7.237697265625000000e+03 7.855691894531250000e+03 1.690751041226741052e+02 1.167825983745753859e+00
7.078865966796875000e+02 8.516832031250000000e+03 6.054752197265625000e+02 8.717744140625000000e+03 2.255077954815465375e+02 4.714030434843196060e-01
