# Fibre lengths: [x0, y0, x1, y1, length01, angle01]
1.661405639648437500e+02 7.008177185058593750e+01 5.412518310546875000e+02 3.530009765625000000e+02 4.698422491566398662e+02 9.245951520553675751e-01
2.584915161132812500e+02 9.488658142089843750e+01 4.510387268066406250e+02 4.567746582031250000e+02 4.099236617504918172e+02 4.889676936455392142e-01
9.004023437500000000e+02 1.413771362304687500e+02 8.211141357421875000e+02 7.180756835937500000e+02 5.821235560085237921e+02 1.366298162596088217e-01
4.066096496582031250e+01 1.598866271972656250e+02 1.590371246337890625e+02 4.945933227539062500e+02 3.550232206887067150e+02 3.399417339324720122e-01
9.491485595703125000e+02 2.425859985351562500e+02 2.974794921875000000e+02 9.614343261718750000e+02 9.702656808986350825e+02 7.364199206987148694e-01
7.826604614257812500e+02 3.698190307617187500e+02 9.288013305664062500e+02 6.819464721679687500e+02 3.446457504626878290e+02 4.378929044040092422e-01
1.439467163085937500e+02 5.030437622070312500e+02 6.693854980468750000e+02 6.640089111328125000e+02 5.495413474191983596e+02 1.273529331322378111e+00
5.839088134765625000e+02 5.199058837890625000e+02 3.979434204101562500e+02 7.574882812500000000e+02 3.017093352908223665e+02 6.641279722755815129e-01
3.225007324218750000e+02 7.185047607421875000e+02 3.354034118652343750e+02 8.376131591796875000e+02 1.198052157260456738e+02 1.079064278219873801e-01
