# Fibre lengths: [x0, y0, x1, y1, length01, angle01]
6.803133544921875000e+02 2.107780761718750000e+03 1.079513671875000000e+03 2.770718750000000000e+03 7.738524857522453431e+02 5.420123975728114996e-01
9.776892578125000000e+03 3.139009521484375000e+03 9.922441406250000000e+03 3.151000000000000000e+03 1.460418876336322000e+02 1.488600794750125189e+00
7.129697875976562500e+02 4.560709960937500000e+03 7.842302856445312500e+02 4.966778320312500000e+03 4.122736604094334325e+02 1.737200193005374871e-01
2.548332519531250000e+03 5.567759765625000000e+03 2.756024902343750000e+03 5.862735839843750000e+03 3.607589364656675457e+02 6.134717309957568032e-01
3.420647949218750000e+03 5.985451171875000000e+03 3.646216796875000000e+03 6.121551269531250000e+03 2.634474171727810017e+02 1.027907047463030965e+00
3.233313476562500000e+03 6.816780273437500000e+03 3.689551269531250000e+03 7.545216796875000000e+03 8.595188726320716341e+02 5.595513473799894610e-01
6.976095703125000000e+03 7.990578125000000000e+03 7.667777343750000000e+03 8.373886718750000000e+03 7.907900922623488214e+02 1.064757905646275704e+00
5.554197753906250000e+03 9.060747070312500000e+03 5.748638671875000000e+03 9.539196289062500000e+03 5.164503127146072075e+02 3.860098987753952104e-01
6.937216796875000000e+03 9.322449218750000000e+03 6.341147460937500000e+03 9.709562500000000000e+03 7.107428126721464423e+02 9.948125062797589235e-01
