# Fibre lengths: [x0, y0, x1, y1, length01, angle01]
2.529000000000000000e+03 1.024558349609375000e+03 2.460834716796875000e+03 1.683451171875000000e+03 6.624094331056304554e+02 1.030875501025586560e-01
7.114684082031250000e+03 1.121320800781250000e+03 6.955152343750000000e+03 1.255635131835937500e+03 2.085442759840351812e+02 8.710068371488850492e-01
2.593581054687500000e+03 1.503978759765625000e+03 2.841251953125000000e+03 1.691000976562500000e+03 3.103517093693149604e+02 9.240239739419540133e-01
4.481035156250000000e+03 2.493384277343750000e+03 4.257789062500000000e+03 3.386702392578125000e+03 9.207910041809324184e+02 2.448907562119609638e-01
7.028784179687500000e+03 2.684076416015625000e+03 7.143575195312500000e+03 3.414957275390625000e+03 7.398403935099498767e+02 1.557858282562215591e-01
7.003187500000000000e+03 4.226005859375000000e+03 7.098695800781250000e+03 4.257004882812500000e+03 1.004130219254474667e+02 1.256954398830844255e+00
7.275911132812500000e+03 5.457732421875000000e+03 7.104954101562500000e+03 5.752247558593750000e+03 3.405370351228739310e+02 5.259349807693076695e-01
8.729615234375000000e+03 5.746964843750000000e+03 7.958208007812500000e+03 5.925574218750000000e+03 7.918146361559242905e+02 1.343268578232520216e+00
2.297686523437500000e+03 6.393013671875000000e+03 3.052662109375000000e+03 6.609990722656250000e+03 7.855362346368247017e+02 1.290942460168793327e+00
8.233000000000000000e+03 8.790558593750000000e+03 8.222000000000000000e+03 9.488441406250000000e+03 6.979694978886327590e+02 1.576065350014848113e-02
