# Fibre lengths: [x0, y0, x1, y1, length01, angle01]
5.212000000000000000e+03 1.165583038330078125e+02 5.212000000000000000e+03 4.104416198730468750e+02 2.938833160400390625e+02 0.000000000000000000e+00
7.131777343750000000e+03 1.644112548828125000e+03 6.440085937500000000e+03 2.026920166015625000e+03 7.905559267103586762e+02 1.065318174107457105e+00
7.810267578125000000e+03 3.173088867187500000e+03 7.436091796875000000e+03 3.388925781250000000e+03 4.319642216041403344e+02 1.047585638839647837e+00
9.961000000000000000e+03 3.640558349609375000e+03 9.949833984375000000e+03 3.860451171875000000e+03 2.201761412798387028e+02 5.073577655279737364e-02
3.665796875000000000e+03 4.827752441406250000e+03 4.124540039062500000e+03 5.458234375000000000e+03 7.797132544481897867e+02 6.290149834426621567e-01
6.907834472656250000e+03 4.989548828125000000e+03 7.001000000000000000e+03 5.887441406250000000e+03 9.027130758647501807e+02 1.033902353424336062e-01
5.917679199218750000e+03 5.685315917968750000e+03 5.724157226562500000e+03 5.915728027343750000e+03 3.008994749869187331e+02 6.985982444892826493e-01
1.249184326171875000e+03 5.833315429687500000e+03 1.141654541015625000e+03 5.930637695312500000e+03 1.450319898578666766e+02 8.351857245221130377e-01
6.465533203125000000e+03 7.005301269531250000e+03 6.226283203125000000e+03 7.371729492187500000e+03 4.376187894263891280e+02 5.784284303159742402e-01
4.031581054687500000e+03 8.884978515625000000e+03 4.659251953125000000e+03 9.376000976562500000e+03 7.969151861336670208e+02 9.069460652608236639e-01
