# Fibre lengths: [x0, y0, x1, y1, length01, angle01]
5.709615722656250000e+03 9.079645385742187500e+02 4.864154296875000000e+03 1.119071655273437500e+03 8.714190938951944645e+02 1.326105159498820019e+00
4.053307617187500000e+03 1.863583007812500000e+03 3.467571777343750000e+03 1.976864501953125000e+03 5.965896168994190703e+02 1.379754599550097938e+00
5.649313476562500000e+03 2.484780517578125000e+03 6.118051757812500000e+03 3.233716796875000000e+03 8.835276604364182731e+02 5.592261586514299943e-01
3.507778320312500000e+03 3.113769775390625000e+03 2.537062011718750000e+03 3.284181640625000000e+03 9.855609344847913462e+02 1.397014437857632574e+00
2.487570312500000000e+03 5.551177734375000000e+03 2.647219726562500000e+03 6.359976562500000000e+03 8.244049246498184402e+02 1.948854194172549570e-01
2.107597656250000000e+03 6.021068359375000000e+03 2.656267578125000000e+03 6.337911132812500000e+03 6.335834800954689854e+02 1.047104540777562764e+00
5.933611816406250000e+03 6.318278808593750000e+03 5.769238281250000000e+03 6.520752929687500000e+03 2.607957606489213731e+02 6.819097781177355655e-01
5.559180664062500000e+03 7.250066406250000000e+03 5.264085937500000000e+03 7.328981445312500000e+03 3.054643695019642564e+02 1.309488194446904119e+00
7.390006835937500000e+03 7.660794921875000000e+03 7.196884765625000000e+03 8.334225585937500000e+03 7.005747592808678519e+02 2.792786607918411046e-01
2.837024902343750000e+03 8.013264160156250000e+03 2.705311035156250000e+03 8.207757812500000000e+03 2.348964103844456019e+02 5.952692529666114840e-01
