# Fibre lengths: [x0, y0, x1, y1, length01, angle01]
8.877441406250000000e+03 7.500003814697265625e+01 8.557392578125000000e+03 8.499042510986328125e+01 3.202047161049538317e+02 1.539591263249375341e+00
9.362654296875000000e+03 1.407691955566406250e+02 9.654184570312500000e+03 4.521843872070312500e+02 4.265786233758004755e+02 7.524304826564395254e-01
8.364000976562500000e+03 9.197481689453125000e+02 8.030809570312500000e+03 1.361278686523437500e+03 5.531416736710943951e+02 6.464566207551813992e-01
7.026834960937500000e+03 1.116548583984375000e+03 7.045000000000000000e+03 1.272441650390625000e+03 1.569478155237772796e+02 1.159993256260524741e-01
2.625138183593750000e+03 4.188803222656250000e+03 2.532197998046875000e+03 4.417252929687500000e+03 2.466316012439434076e+02 3.863803731586749057e-01
7.473670898437500000e+03 4.321496093750000000e+03 7.616706054687500000e+03 4.373501953125000000e+03 1.521961409917944934e+02 1.222068082524270904e+00
3.806184570312500000e+03 5.511815429687500000e+03 3.259654785156250000e+03 6.022137695312500000e+03 7.477456926359187719e+02 8.196445496259257002e-01
8.123676757812500000e+03 5.754261718750000000e+03 7.660685546875000000e+03 5.970652343750000000e+03 5.110633659276149388e+02 1.133587473236317811e+00
3.512361816406250000e+03 6.738761718750000000e+03 3.681011962890625000e+03 7.018214843750000000e+03 3.263999402289571208e+02 5.429895430228988129e-01
5.588154296875000000e+03 8.532361328125000000e+03 5.785681640625000000e+03 8.704681640625000000e+03 2.621284830555968597e+02 8.534481004048839470e-01
