# Fibre lengths: [x0, y0, x1, y1, length01, angle01]
3.530085937500000000e+03 4.920184631347656250e+02 4.341180664062500000e+03 7.089333496093750000e+02 8.395991444920541653e+02 1.309477015330194449e+00
7.870777343750000000e+03 6.381126708984375000e+02 7.427416503906250000e+03 8.639478759765625000e+02 4.975644422179242952e+02 1.099679961888945456e+00
6.448520507812500000e+03 7.630657348632812500e+02 6.114904296875000000e+03 1.096442382812500000e+03 4.716352039427844147e+02 7.857573321273501055e-01
1.576834716796875000e+03 1.421548828125000000e+03 1.615000000000000000e+03 1.698441528320312500e+03 2.795105655667168776e+02 1.369711442838943971e-01
7.803638183593750000e+03 1.744803466796875000e+03 7.668198242187500000e+03 2.078252929687500000e+03 3.599062683952236057e+02 3.858211388455905499e-01
9.288884765625000000e+03 3.302774169921875000e+03 9.430006835937500000e+03 3.795205078125000000e+03 5.122534900642851881e+02 2.791021438785621367e-01
6.906952636718750000e+03 4.254998046875000000e+03 7.632878906250000000e+03 4.369046875000000000e+03 7.348306498726375366e+02 1.414962137636203376e+00
5.881654296875000000e+03 7.193769531250000000e+03 6.261184570312500000e+03 7.585184570312500000e+03 5.452054303286440700e+02 7.699835495421156750e-01
8.227902343750000000e+03 9.130226562500000000e+03 8.053954101562500000e+03 9.431248046875000000e+03 3.476663990313840031e+02 5.239809077057631104e-01
7.303392578125000000e+03 9.831009765625000000e+03 7.919441894531250000e+03 9.906000000000000000e+03 6.205967253347582755e+02 1.449664627339148248e+00
