# Fibre lengths: [x0, y0, x1, y1, length01, angle01]
4.148852539062500000e+02 1.063773925781250000e+03 6.880068359375000000e+02 2.015205078125000000e+03 9.898568766349046655e+02 2.795470138513923009e-01
4.339891113281250000e+03 1.710205322265625000e+03 4.486006835937500000e+03 2.220205078125000000e+03 5.305181951488377763e+02 2.790273594711031868e-01
2.136307861328125000e+03 4.105583007812500000e+03 1.859061889648437500e+03 4.154181640625000000e+03 2.814731886412243966e+02 1.397268639135673673e+00
5.879870605468750000e+03 5.386286132812500000e+03 6.086006835937500000e+03 6.019205078125000000e+03 6.656414476633444792e+02 3.148570811391140922e-01
3.723393066406250000e+03 6.189009765625000000e+03 3.920941650390625000e+03 6.202000000000000000e+03 1.979752237613310513e+02 1.505133697063454568e+00
1.085772705078125000e+03 6.302097656250000000e+03 2.665981445312500000e+02 6.774930664062500000e+03 9.458424889611279696e+02 1.047305268666887557e+00
7.407704101562500000e+03 6.324678710937500000e+03 7.415000000000000000e+03 6.800441406250000000e+03 4.758186339195061691e+02 1.533396096697224251e-02
6.223735839843750000e+03 6.489975097656250000e+03 5.875094726562500000e+03 6.734534179687500000e+03 4.258635585184027832e+02 9.590886950431943836e-01
1.241721435546875000e+03 6.951388183593750000e+03 6.296485595703125000e+02 7.447592285156250000e+03 7.879414419318660521e+02 8.895682939817429746e-01
7.138834472656250000e+03 8.053548828125000000e+03 7.186992187500000000e+03 8.402886718750000000e+03 3.526416415077725901e+02 1.369908280296080194e-01
