# Fibre lengths: [x0, y0, x1, y1, length01, angle01]
9.784415893554687500e+02 1.230000000000000000e+03 7.005582885742187500e+02 1.234000000000000000e+03 2.779120883536422753e+02 1.556402789101063888e+00
7.971963867187500000e+03 1.402788818359375000e+03 8.194912109375000000e+03 2.232648437500000000e+03 8.592862771944628548e+02 2.624603909083276232e-01
6.198310546875000000e+03 1.448241943359375000e+03 6.365510742187500000e+03 1.695731567382812500e+03 2.986754414273135581e+02 5.941512184991366574e-01
6.356156738281250000e+03 1.616271972656250000e+03 6.654684570312500000e+03 1.947184326171875000e+03 4.456701159002341797e+02 7.339937682113788497e-01
9.341520996093750000e+02 1.655364746093750000e+03 1.259684082031250000e+03 1.928679321289062500e+03 4.250552065246467350e+02 8.723748125937547115e-01
4.386035156250000000e+03 3.022384277343750000e+03 4.321789062500000000e+03 3.278702392578125000e+03 2.642471130579029364e+02 2.455901806450453972e-01
6.420685546875000000e+03 3.471347656250000000e+03 7.274676757812500000e+03 3.870738525390625000e+03 9.427693539309609605e+02 1.133340967227831175e+00
7.062050781250000000e+02 6.906993164062500000e+03 3.471871337890625000e+02 7.016994140625000000e+03 3.754918097640825749e+02 1.273483766425076880e+00
8.809558593750000000e+03 7.410666015625000000e+03 8.484804687500000000e+03 8.047411132812500000e+03 7.147792973266341505e+02 4.716328871678088785e-01
