# Fibre lengths: [x0, y0, x1, y1, length01, angle01]
3.501309570312500000e+03 1.132562484741210938e+02 3.824047851562500000e+03 5.911577758789062500e+02 5.766713692217003882e+02 5.939720889583384178e-01
8.647050170898437500e+02 2.829642333984375000e+02 6.817969360351562500e+02 7.349550781250000000e+02 4.875972619198549864e+02 3.845275432306557439e-01
3.360826416015625000e+03 7.135695800781250000e+02 3.480846191406250000e+03 8.721168823242187500e+02 1.988516872805716957e+02 6.479639419873239881e-01
5.695802734375000000e+03 3.553285156250000000e+03 5.643319335937500000e+03 3.675795654296875000e+03 1.332791403155150078e+02 4.047462674368495494e-01
4.377915527343750000e+03 4.454503906250000000e+03 3.788110595703125000e+03 4.547478515625000000e+03 5.970880465861263247e+02 1.414446705961102335e+00
9.751986328125000000e+03 5.643665527343750000e+03 9.275058593750000000e+03 5.668000000000000000e+03 4.775481445629627046e+02 1.519817139636820524e+00
2.659669677734375000e+03 7.663800781250000000e+03 2.625674072265625000e+03 7.856432617187500000e+03 1.956086025916008282e+02 1.746810197234432982e-01
7.167946289062500000e+03 7.998463378906250000e+03 7.580524414062500000e+03 8.236843750000000000e+03 4.764933478563049221e+02 1.046873528554633337e+00
1.402086303710937500e+03 9.182234375000000000e+03 6.889443359375000000e+02 9.681721679687500000e+03 8.706658565395532605e+02 9.597994442435699991e-01
