# Fibre lengths: [x0, y0, x1, y1, length01, angle01]
5.884205078125000000e+03 3.309931030273437500e+02 5.442687500000000000e+03 4.579855346679687500e+02 4.594179464141167841e+02 1.290729088678482572e+00
5.131095703125000000e+03 1.761578125000000000e+03 5.742777343750000000e+03 2.100887451171875000e+03 6.994892767619126062e+02 1.064339931750086121e+00
6.212154296875000000e+03 1.805362060546875000e+03 6.697681640625000000e+03 2.228682128906250000e+03 6.441557900110163928e+02 8.537379108044012010e-01
1.712878662109375000e+03 2.151953125000000000e+03 1.256952636718750000e+03 2.223002197265625000e+03 4.614287716411914744e+02 1.416205062523602898e+00
4.828345642089843750e+02 3.351048828125000000e+03 4.960000000000000000e+02 3.508941650390625000e+03 1.584407524047130948e+02 8.318966641275625518e-02
6.815375000000000000e+03 3.591296386718750000e+03 7.022994140625000000e+03 4.193705078125000000e+03 6.371828144541046868e+02 3.318992389054334358e-01
1.996375488281250000e+03 4.038795410156250000e+03 2.136501953125000000e+03 4.403206542968750000e+03 3.904240001169193306e+02 3.670981400282086748e-01
9.763441406250000000e+03 5.068000000000000000e+03 9.452392578125000000e+03 5.104990234375000000e+03 3.132405639712922607e+02 1.452431229635591237e+00
8.120123046875000000e+03 7.376949707031250000e+03 7.841123535156250000e+03 7.948262695312500000e+03 6.357981268595816573e+02 4.542825717795112017e-01
8.725392578125000000e+03 9.345009765625000000e+03 9.283441406250000000e+03 9.403000000000000000e+03 5.610537958650251085e+02 1.467251911340400561e+00
