# Fibre lengths: [x0, y0, x1, y1, length01, angle01]
2.046156738281250000e+03 4.172720031738281250e+02 2.417681884765625000e+03 8.436816406250000000e+02 5.655582316450501139e+02 7.167231516008960579e-01
6.530064453125000000e+03 9.255028076171875000e+02 6.722251953125000000e+03 1.076000976562500000e+03 2.441018926844726877e+02 9.064580046173349448e-01
2.679000000000000000e+03 2.484558349609375000e+03 2.663834716796875000e+03 2.632451171875000000e+03 1.486683311681500470e+02 1.021852298093105654e-01
3.577000000000000000e+03 3.188558349609375000e+03 3.561834472656250000e+03 3.485451171875000000e+03 2.972799036807937796e+02 5.103645694069725708e-02
8.515173828125000000e+03 4.072925292968750000e+03 8.321208984375000000e+03 4.114574707031250000e+03 1.983860738628381739e+02 1.359281488880282218e+00
2.361000000000000000e+03 4.699558593750000000e+03 2.349834472656250000e+03 4.837951171875000000e+03 1.388422654703828130e+02 8.050572628089538996e-02
8.726843872070312500e+02 6.982815429687500000e+03 7.636545410156250000e+02 7.102230468750000000e+03 1.617017591580874125e+02 7.399690545668957675e-01
8.819798278808593750e+01 7.677747070312500000e+03 3.741672668457031250e+02 8.383667968750000000e+03 7.616447638336610453e+02 3.848960683827462037e-01
2.092558349609375000e+03 7.866000000000000000e+03 2.324441650390625000e+03 7.866000000000000000e+03 2.318833007812500000e+02 1.570796326794896558e+00
4.634789550781250000e+03 8.781297851562500000e+03 4.696035156250000000e+03 9.025615234375000000e+03 2.518769694386198807e+02 2.456190379736813145e-01
