# Fibre lengths: [x0, y0, x1, y1, length01, angle01]
1.105115234375000000e+03 1.083427001953125000e+03 1.749721191406250000e+03 1.605611572265625000e+03 8.295743277805937623e+02 8.899371547237541202e-01
2.050152099609375000e+03 1.894364746093750000e+03 2.437684082031250000e+03 2.220679199218750000e+03 5.066183570678190904e+02 8.709461385319098303e-01
9.481671875000000000e+03 2.965995849609375000e+03 9.909206054687500000e+03 3.121501953125000000e+03 4.549369440171635688e+02 1.221944491666854926e+00
2.832216796875000000e+03 5.866448242187500000e+03 2.303146728515625000e+03 6.210562500000000000e+03 6.311337098140468242e+02 9.941305515461622555e-01
4.583551757812500000e+03 5.871783203125000000e+03 4.294313476562500000e+03 6.333219726562500000e+03 5.445938381055560740e+02 5.599080041429723709e-01
7.296000000000000000e+03 6.044558593750000000e+03 7.249834472656250000e+03 6.425451171875000000e+03 3.836800906818540398e+02 1.206152077705726633e-01
7.410673339843750000e+03 7.276425292968750000e+03 6.680708007812500000e+03 7.432075195312500000e+03 7.463754270252417200e+02 1.360713370741612804e+00
8.098479492187500000e+03 7.643065429687500000e+03 8.597396484375000000e+03 8.141934570312500000e+03 7.055413414969727910e+02 7.854461211319664349e-01
3.223975097656250000e+03 7.703255859375000000e+03 3.320887451171875000e+03 7.878777343750000000e+03 2.004988671816896897e+02 5.044843759971237018e-01
4.445139648437500000e+03 8.118004882812500000e+03 4.919251953125000000e+03 8.489000976562500000e+03 6.020137698041894510e+02 9.068133704133189976e-01
