# Fibre lengths: [x0, y0, x1, y1, length01, angle01]
4.901169921875000000e+03 1.337003906250000000e+03 5.794705078125000000e+03 1.644994384765625000e+03 9.451260287977448797e+02 1.238861984542961370e+00
8.598648437500000000e+03 2.958087890625000000e+03 8.071085937500000000e+03 3.099981445312500000e+03 5.463112412060587531e+02 1.308053471952956404e+00
1.957887451171875000e+03 3.232222900390625000e+03 1.594803955078125000e+03 3.914411376953125000e+03 7.727941140370602398e+02 4.891005900007708296e-01
1.482166992187500000e+03 3.298113281250000000e+03 8.604165039062500000e+02 3.614947753906250000e+03 6.978235828211431908e+02 1.099510472280311735e+00
5.563684570312500000e+03 4.425815429687500000e+03 5.476654296875000000e+03 4.518230468750000000e+03 1.269441134496965162e+02 7.553993289396551125e-01
9.703520507812500000e+03 4.614065429687500000e+03 9.175479492187500000e+03 5.141934570312500000e+03 7.466412416994238583e+02 7.855609376613993389e-01
6.409648437500000000e+03 6.486451171875000000e+03 7.244210937500000000e+03 6.987968261718750000e+03 9.736600832999132535e+02 1.029690249309164418e+00
1.679267578125000000e+03 9.179088867187500000e+03 1.496546875000000000e+03 9.284449218750000000e+03 2.109209781692375429e+02 1.047745673837161995e+00
5.886235839843750000e+03 9.329429687500000000e+03 5.212708007812500000e+03 9.473075195312500000e+03 6.886753752207397383e+02 1.360671154621756695e+00
1.448171142578125000e+03 9.631496093750000000e+03 1.573705078125000000e+03 9.674994140625000000e+03 1.328564979811927174e+02 1.237239116064008382e+00
