# Fibre lengths: [x0, y0, x1, y1, length01, angle01]
7.401184570312500000e+03 1.430815673828125000e+03 6.718654296875000000e+03 2.091137939453125000e+03 9.496699788025320004e+02 8.019345907744949153e-01
4.646392578125000000e+03 2.559009765625000000e+03 5.399441406250000000e+03 2.664000000000000000e+03 7.603324844135972853e+02 1.432269063866189462e+00
9.239283447265625000e+02 2.571223144531250000e+03 1.012911987304687500e+03 2.901648437500000000e+03 3.421972572653903626e+02 2.630595960111727916e-01
3.248405517578125000e+03 3.140785888671875000e+03 3.203927978515625000e+03 3.306776611328125000e+03 1.718463601272960375e+02 2.618019676412904895e-01
7.641123046875000000e+03 5.554950195312500000e+03 7.338123535156250000e+03 6.202262695312500000e+03 7.147182499125448203e+02 4.377940551020650939e-01
8.260392578125000000e+03 6.185009277343750000e+03 8.509441406250000000e+03 6.197000000000000000e+03 2.493373141353995095e+02 1.522687405332189492e+00
4.537832031250000000e+03 6.370259765625000000e+03 4.996510742187500000e+03 7.049731445312500000e+03 8.197974892402630758e+02 5.937853838976762111e-01
9.751843261718750000e+02 6.555815429687500000e+03 5.106545104980468750e+02 7.005137695312500000e+03 6.462804716501526627e+02 8.020377780516780852e-01
3.811857910156250000e+02 6.701847656250000000e+03 8.956763916015625000e+02 6.931738281250000000e+03 5.635159958281302579e+02 1.150580420270471471e+00
3.546834472656250000e+03 6.809548828125000000e+03 3.550000000000000000e+03 6.934441406250000000e+03 1.249326884128939952e+02 2.534057496992639727e-02
