# Fibre lengths: [x0, y0, x1, y1, length01, angle01]
7.170855712890625000e+02 3.420795898437500000e+02 1.002777343750000000e+03 4.938873291015625000e+02 3.235202907862814072e+02 1.082369606257132189e+00
7.318832031250000000e+03 1.582259765625000000e+03 7.718024902343750000e+03 2.150735839843750000e+03 6.946365922489493414e+02 6.122115189925281253e-01
4.585676757812500000e+03 1.929261474609375000e+03 4.240685546875000000e+03 2.090652343750000000e+03 3.808752397650561079e+02 1.133229447600115680e+00
9.371648437500000000e+03 2.094451416015625000e+03 9.851699218750000000e+03 2.406532714843750000e+03 5.725761867707954025e+02 9.943503919568673632e-01
7.910441406250000000e+03 6.290000000000000000e+03 7.165393066406250000e+03 6.366990722656250000e+03 7.490157542262109018e+02 1.467825265560875669e+00
8.608697265625000000e+03 6.701308105468750000e+03 7.891165039062500000e+03 7.006611328125000000e+03 7.797836584079142312e+02 1.168510204170184918e+00
2.798345947265625000e+02 6.763048828125000000e+03 3.180000000000000000e+02 7.204941406250000000e+03 4.435376520225142940e+02 8.615426484899040005e-02
7.236375000000000000e+03 8.219795898437500000e+03 7.426994140625000000e+03 8.741705078125000000e+03 5.556301365249123592e+02 3.501816061400324642e-01
5.902205078125000000e+03 8.728993164062500000e+03 5.715187011718750000e+03 8.789994140625000000e+03 1.967152162490517924e+02 1.255500313918959110e+00
1.693416503906250000e+03 9.300051757812500000e+03 2.104167236328125000e+03 9.508886718750000000e+03 4.607908474512855719e+02 1.100433352530740816e+00
