# Fibre lengths: [x0, y0, x1, y1, length01, angle01]
8.185581054687500000e+03 4.039786987304687500e+02 8.829251953125000000e+03 9.070008544921875000e+02 8.169109588458862845e+02 9.074445227051066709e-01
8.120115234375000000e+03 4.114270324707031250e+02 8.200721679687500000e+03 4.766116333007812500e+02 1.036649951106624741e+02 8.907867113532461634e-01
4.310834960937500000e+03 1.543548828125000000e+03 4.346000000000000000e+03 1.840441650390625000e+03 2.989681051301545835e+02 1.178942867995036309e-01
7.827706054687500000e+03 1.662498046875000000e+03 7.295168945312500000e+03 1.845996337890625000e+03 5.632649426931661765e+02 1.238963767885478351e+00
6.859184570312500000e+03 1.797315673828125000e+03 6.547154296875000000e+03 2.142230712890625000e+03 4.651121109076465814e+02 7.353828278107369387e-01
6.663928710937500000e+03 2.475223388671875000e+03 6.698912109375000000e+03 2.613648437500000000e+03 1.427772121499284310e+02 2.475412309235696107e-01
2.035160034179687500e+03 3.135297851562500000e+03 2.134230468750000000e+03 3.699778320312500000e+03 5.731083236231788760e+02 1.737378351665239407e-01
4.560872070312500000e+03 4.298286621093750000e+03 4.874501953125000000e+03 5.208706054687500000e+03 9.629263982559347141e+02 3.317572265534410869e-01
9.686681640625000000e+03 6.483317871093750000e+03 9.420154296875000000e+03 6.715637695312500000e+03 3.535665788666422600e+02 8.538641280396216393e-01
5.117581054687500000e+03 7.135978515625000000e+03 5.803251953125000000e+03 7.653000976562500000e+03 8.587530530239512245e+02 9.247153935256887669e-01
