# Fibre lengths: [x0, y0, x1, y1, length01, angle01]
8.426615234375000000e+03 1.554964477539062500e+03 7.918208007812500000e+03 1.672574951171875000e+03 5.218334327437326010e+02 1.343463952412305540e+00
3.472393066406250000e+03 1.713009643554687500e+03 4.110441406250000000e+03 1.801999877929687500e+03 6.442242977344792507e+02 1.432217725152746590e+00
2.021698730468750000e+03 3.017467041015625000e+03 1.580146728515625000e+03 3.304562988281250000e+03 5.266804091336216516e+02 9.942823750052892651e-01
8.110618896484375000e+02 4.338818359375000000e+03 1.286778564453125000e+03 4.422230468750000000e+03 4.829740517642907207e+02 1.397220889325857973e+00
7.185399169921875000e+02 5.289765625000000000e+03 1.347967376708984375e+02 6.092247558593750000e+03 9.923373182282779226e+02 6.288940473743087622e-01
6.060631835937500000e+03 6.901889648437500000e+03 6.810721191406250000e+03 7.509611816406250000e+03 9.653808961379763787e+02 8.898669274084295422e-01
7.675648437500000000e+03 7.010087890625000000e+03 7.000085937500000000e+03 7.190981445312500000e+03 6.993619731825069721e+02 1.309166643498282712e+00
5.166314086914062500e+02 8.865805664062500000e+03 1.364050537109375000e+03 9.279123046875000000e+03 9.428416824385971040e+02 1.117007425104488583e+00
5.740124023437500000e+03 8.991237304687500000e+03 6.031738769531250000e+03 9.615175781250000000e+03 6.887222826905309603e+02 4.372106363728632261e-01
5.043994140625000000e+03 9.240294921875000000e+03 4.838375976562500000e+03 9.805205078125000000e+03 6.011674592214989161e+02 3.490778584711858867e-01
