# Fibre lengths: [x0, y0, x1, y1, length01, angle01]
8.993675781250000000e+03 4.392614746093750000e+02 8.103185546875000000e+03 8.361523437500000000e+02 9.749334436383045386e+02 1.151524620975417967e+00
8.172006835937500000e+03 1.627795166015625000e+03 8.039885253906250000e+03 2.087226074218750000e+03 4.780511184494693566e+02 2.800205800637254883e-01
3.821501953125000000e+03 2.717793701171875000e+03 3.744375488281250000e+03 2.918204101562500000e+03 2.147389581888317593e+02 3.673717767922212718e-01
6.203533203125000000e+03 3.835301269531250000e+03 6.122283203125000000e+03 3.959729736328125000e+03 1.486068835869355951e+02 5.784712147889488065e-01
1.454654541015625000e+03 3.906862304687500000e+03 1.582184326171875000e+03 4.022684326171875000e+03 1.722747420915971190e+02 8.334715406585766484e-01
4.925173339843750000e+03 4.784925292968750000e+03 4.794708007812500000e+03 4.813075195312500000e+03 1.334676734793372077e+02 1.358288715535465041e+00
9.774184570312500000e+03 4.787815429687500000e+03 9.534156250000000000e+03 5.062728027343750000e+03 3.649527790031846166e+02 7.177572787697034107e-01
3.586501953125000000e+03 5.526793945312500000e+03 3.291375488281250000e+03 6.295204101562500000e+03 8.231365612578016453e+02 3.667022459691161029e-01
1.509520629882812500e+03 7.050065429687500000e+03 1.181479492187500000e+03 7.377934570312500000e+03 4.637986215962818051e+02 7.856603899123469903e-01
5.276157226562500000e+03 9.524271484375000000e+03 5.541681640625000000e+03 9.828681640625000000e+03 4.039415275647991166e+02 7.172753069653917679e-01
