# Fibre lengths: [x0, y0, x1, y1, length01, angle01]
5.167006835937500000e+03 1.794794921875000000e+03 4.883884765625000000e+03 2.721226074218750000e+03 9.687274057912291028e+02 2.965911077483754377e-01
2.041216552734375000e+03 2.160982910156250000e+03 1.895624389648437500e+03 2.267037109375000000e+03 1.801237661275505673e+02 9.412412949584929578e-01
8.818000976562500000e+03 2.363748046875000000e+03 8.531809570312500000e+03 2.743278808593750000e+03 4.753410566132144481e+02 6.460985477056059301e-01
7.373834472656250000e+03 2.942548828125000000e+03 7.390000000000000000e+03 3.423441650390625000e+03 4.811644529481573613e+02 3.360300183158942272e-02
6.253545410156250000e+03 3.396802001953125000e+03 6.305416992187500000e+03 3.664307617187500000e+03 2.724883762738260202e+02 1.915314359921276022e-01
4.175813476562500000e+03 4.213280273437500000e+03 4.599551269531250000e+03 4.890216796875000000e+03 7.986217965681103124e+02 5.592921213196644370e-01
7.322313476562500000e+03 6.284780273437500000e+03 7.564533203125000000e+03 6.657698730468750000e+03 4.446780537991284064e+02 5.760409757883844240e-01
9.848238281250000000e+03 7.894247070312500000e+03 9.931611328125000000e+03 7.996721191406250000e+03 1.321060575414976483e+02 6.829793851440221220e-01
1.473676269531250000e+03 8.094261718750000000e+03 1.349685546875000000e+03 8.152652343750000000e+03 1.370516851144477357e+02 1.130676131235978543e+00
5.691501953125000000e+03 8.469793945312500000e+03 5.651375976562500000e+03 8.574205078125000000e+03 1.118560621972891198e+02 3.669055568274021129e-01
