# Fibre lengths: [x0, y0, x1, y1, length01, angle01]
2.773035644531250000e+03 6.023843994140625000e+02 2.577306884765625000e+03 1.386673095703125000e+03 8.083430623975114031e+02 2.445665103677692742e-01
9.791545410156250000e+02 4.388362304687500000e+03 1.099681640625000000e+03 4.493681640625000000e+03 1.600591898722600206e+02 8.526334100520399639e-01
1.199086059570312500e+03 4.806018554687500000e+03 2.121181152343750000e+03 5.052933593750000000e+03 9.545817914836267164e+02 1.309158431994821736e+00
9.396184570312500000e+03 4.916315429687500000e+03 8.895654296875000000e+03 5.367637695312500000e+03 6.739601932431185105e+02 8.370492735841658094e-01
6.071975585937500000e+03 4.982255859375000000e+03 6.268887695312500000e+03 5.336777343750000000e+03 4.055365109357791766e+02 5.070030760644467227e-01
1.007313598632812500e+03 5.666780273437500000e+03 1.116551269531250000e+03 5.840216796875000000e+03 2.049709647862394775e+02 5.620738928739662521e-01
1.816333496093750000e+03 6.591735351562500000e+03 1.953000976562500000e+03 6.766251953125000000e+03 2.216620049503309531e+02 6.643633168918389176e-01
6.196392578125000000e+03 7.330009765625000000e+03 6.603441406250000000e+03 7.343000000000000000e+03 4.072560554086988986e+02 1.538893945090525461e+00
3.561843872070312500e+02 7.439815429687500000e+03 1.665459251403808594e+01 7.757137695312500000e+03 4.647299234454879979e+02 8.191943174578220077e-01
4.139441406250000000e+03 9.059000000000000000e+03 3.310052734375000000e+03 9.174410156250000000e+03 8.373798858345152212e+02 1.432533288042613151e+00
