# Fibre lengths: [x0, y0, x1, y1, length01, angle01]
3.055441650390625000e+03 6.799998474121093750e+01 2.566393066406250000e+03 8.399041748046875000e+01 4.893099339235930643e+02 1.538110948525627686e+00
5.670501953125000000e+03 3.097937316894531250e+02 5.625375976562500000e+03 4.342048950195312500e+02 1.323423262673838394e+02 3.479582927033899598e-01
7.426834472656250000e+03 8.345488281250000000e+02 7.460000000000000000e+03 1.486441650390625000e+03 6.527359373632118604e+02 5.083190979982051688e-02
4.087251953125000000e+03 1.862999023437500000e+03 3.352581054687500000e+03 2.417021240234375000e+03 9.201532186084483556e+02 9.246703973744329064e-01
2.549196777343750000e+03 4.017361816406250000e+03 2.234701660156250000e+03 4.145133300781250000e+03 3.394594687943911708e+02 1.184892251914523964e+00
5.460615722656250000e+03 4.735964843750000000e+03 5.161085937500000000e+03 4.810981445312500000e+03 3.087808004163085229e+02 1.325396168108533335e+00
8.199998779296875000e+02 5.414558105468750000e+03 7.778345947265625000e+02 6.235451171875000000e+03 8.219752657966391780e+02 5.132003287685608928e-02
3.751169433593750000e+03 6.657003906250000000e+03 4.579206542968750000e+03 6.958501953125000000e+03 8.812187735015326098e+02 1.221605514234545442e+00
1.429806884765625000e+03 8.391826171875000000e+03 1.541035522460937500e+03 8.872615234375000000e+03 4.934875200683235335e+02 2.273464077428845320e-01
1.338501953125000000e+03 8.883793945312500000e+03 1.099872558593750000e+03 9.538714843750000000e+03 6.970404372377065556e+02 3.494132356938784434e-01
