# Fibre lengths: [x0, y0, x1, y1, length01, angle01]
6.875035156250000000e+03 5.053845825195312500e+02 6.698789062500000000e+03 1.268702392578125000e+03 7.834007689010658169e+02 2.269180409438401047e-01
7.639166992187500000e+03 5.731134643554687500e+02 7.048085937500000000e+03 8.744203491210937500e+02 6.634475503140040473e+02 1.099374721464034810e+00
8.241392578125000000e+03 3.050009765625000000e+03 8.566441406250000000e+03 3.095000000000000000e+03 3.281476220461657363e+02 1.433259477217313727e+00
2.793392822265625000e+03 4.744009765625000000e+03 3.157441894531250000e+03 4.788000000000000000e+03 3.666972426100715552e+02 1.450543348128726429e+00
6.572834472656250000e+03 4.956548828125000000e+03 6.682000000000000000e+03 5.738441894531250000e+03 7.894769658795672740e+02 1.387202379375890582e-01
5.189478759765625000e+02 6.062017578125000000e+03 1.288441650390625000e+03 6.169000000000000000e+03 7.768950427517481785e+02 1.432652244615551407e+00
6.645789062500000000e+03 6.663297851562500000e+03 6.695571289062500000e+03 6.876235351562500000e+03 2.186793291277666356e+02 2.296630552736186326e-01
7.640251953125000000e+03 7.121999023437500000e+03 7.263581054687500000e+03 7.417021484375000000e+03 4.784550325655820302e+02 9.063608342367656112e-01
4.190165039062500000e+03 7.662388671875000000e+03 4.637697265625000000e+03 7.852691894531250000e+03 4.863130785464679207e+02 1.168732597932314432e+00
7.096941406250000000e+03 9.354000000000000000e+03 6.272893066406250000e+03 9.424990234375000000e+03 8.271005257983202910e+02 1.484860355844910496e+00
