# Fibre lengths: [x0, y0, x1, y1, length01, angle01]
6.131934570312500000e+03 1.130479492187500000e+03 5.498654296875000000e+03 1.785230712890625000e+03 9.109023360038698911e+02 7.687301246511578645e-01
2.964261718750000000e+03 1.184331298828125000e+03 3.606778320312500000e+03 1.297230346679687500e+03 6.523601599494053289e+02 1.396858133458096285e+00
5.761581054687500000e+03 2.275978515625000000e+03 6.262251953125000000e+03 2.653000976562500000e+03 6.267513738266411565e+02 9.253559634581522975e-01
6.801313476562500000e+03 3.312780761718750000e+03 7.121551269531250000e+03 3.823216796875000000e+03 6.025754641798224611e+02 5.603095546533806148e-01
5.466196777343750000e+03 3.685361816406250000e+03 5.361165527343750000e+03 3.728611816406250000e+03 1.135875256203888739e+02 1.180174318637801978e+00
2.377624511718750000e+03 5.013962890625000000e+03 2.762216796875000000e+03 5.294017089843750000e+03 4.757536970973127950e+02 9.414038511868345616e-01
6.030834472656250000e+03 5.040548828125000000e+03 6.057000000000000000e+03 5.812441406250000000e+03 7.723359288454964826e+02 3.388491224013539388e-02
7.379834472656250000e+03 6.502548828125000000e+03 7.398000000000000000e+03 6.872441406250000000e+03 3.703383665455629625e+02 4.907085333335752669e-02
5.747731445312500000e+03 7.963489257812500000e+03 5.463094726562500000e+03 8.155534179687500000e+03 3.433646948635538934e+02 9.772515117176391319e-01
6.727050781250000000e+03 8.860876953125000000e+03 5.863685546875000000e+03 9.263652343750000000e+03 9.526948846406808116e+02 1.134291284463215810e+00
