# Fibre lengths: [x0, y0, x1, y1, length01, angle01]
1.984047119140625000e+03 1.367121337890625000e+03 1.842784301757812500e+03 2.263923583984375000e+03 9.078598196713658126e+02 1.562346321622290757e-01
4.826576538085937500e+02 1.787957763671875000e+03 8.572686767578125000e+02 2.013510986328125000e+03 4.372729979837309884e+02 1.028834284848364256e+00
5.517441406250000000e+03 2.163000000000000000e+03 4.821893066406250000e+03 2.234990234375000000e+03 6.992639608222092420e+02 1.467662146337012086e+00
3.722870605468750000e+03 2.278285888671875000e+03 3.956513183593750000e+03 2.996695556640625000e+03 7.554477515645052108e+02 3.144326132990818978e-01
2.418803955078125000e+03 2.777588623046875000e+03 2.692886230468750000e+03 3.314167236328125000e+03 6.025261006082073436e+02 4.722471578410715187e-01
2.322885253906250000e+03 4.000773925781250000e+03 2.579005126953125000e+03 4.838695800781250000e+03 8.761908798732516743e+02 2.966420662997523716e-01
8.406479492187500000e+02 4.866451171875000000e+03 1.532216552734375000e+03 5.298550781250000000e+03 8.154613453687301217e+02 1.012332996918298589e+00
3.539684082031250000e+03 5.551320800781250000e+03 2.901152343750000000e+03 6.087635253906250000e+03 8.338800713671256517e+02 8.721844408348840005e-01
1.314035400390625000e+03 6.131384277343750000e+03 1.256789550781250000e+03 6.377702148437500000e+03 2.528825437187320517e+02 2.283526801869524003e-01
1.515789306640625000e+03 7.930297851562500000e+03 1.710074707031250000e+03 8.842173828125000000e+03 9.323436133940954278e+02 2.099222959392602061e-01
