# Fibre lengths: [x0, y0, x1, y1, length01, angle01]
4.586686523437500000e+03 9.690139160156250000e+02 5.269205078125000000e+03 1.165006835937500000e+03 7.101019660247508227e+02 1.291159368012042119e+00
7.772686523437500000e+03 1.534013916015625000e+03 8.016205078125000000e+03 1.604006835937500000e+03 2.533777719459205855e+02 1.290917299458484102e+00
7.419705078125000000e+03 1.817005493164062500e+03 6.938168945312500000e+03 1.982996337890625000e+03 5.093427212958436030e+02 1.238840980062213770e+00
6.202184570312500000e+03 2.608815917968750000e+03 5.946654296875000000e+03 2.864137695312500000e+03 3.612269793758696892e+02 7.858062973803784379e-01
5.547184570312500000e+03 2.700815917968750000e+03 4.863654296875000000e+03 3.362137695312500000e+03 9.510836597769093714e+02 8.019103720374588518e-01
2.832557861328125000e+03 4.265666015625000000e+03 2.778804199218750000e+03 4.370411132812500000e+03 1.177327302188816418e+02 4.741401814776963208e-01
2.254000000000000000e+03 5.106558105468750000e+03 2.244000000000000000e+03 5.716441406250000000e+03 6.099652781690385837e+02 1.639511029787015656e-02
9.190941406250000000e+03 7.309000000000000000e+03 8.306392578125000000e+03 7.400990234375000000e+03 8.893193085487789631e+02 1.467172047314419192e+00
7.419229492187500000e+03 7.549229492187500000e+03 7.793770507812500000e+03 7.923770507812500000e+03 5.296809839618682645e+02 7.853981633974482790e-01
4.683216796875000000e+03 9.251983398437500000e+03 3.888127441406250000e+03 9.830026367187500000e+03 9.830059800942341326e+02 9.421677391602019114e-01
