# Fibre lengths: [x0, y0, x1, y1, length01, angle01]
1.094671142578125000e+03 5.749592590332031250e+01 1.875705078125000000e+03 3.419945068359375000e+02 8.312360982467695294e+02 1.221475580643511361e+00
3.401843872070312500e+02 1.079815673828125000e+03 7.965459442138671875e+01 1.340137817382812500e+03 3.682979654489530503e+02 7.857968356600779636e-01
7.252789550781250000e+03 1.433297729492187500e+03 7.305074707031250000e+03 1.676173583984375000e+03 2.484399691261395162e+02 2.120392179411053901e-01
3.628000000000000000e+03 1.675058349609375000e+03 3.602834472656250000e+03 2.044951293945312500e+03 3.707480195982143982e+02 6.792994359832429940e-02
4.307892578125000000e+03 2.807009765625000000e+03 4.905941406250000000e+03 2.858000000000000000e+03 6.002186308532110388e+02 1.485741041404706975e+00
8.974206054687500000e+03 2.834498046875000000e+03 8.791170898437500000e+03 2.901504394531250000e+03 1.949146455495126702e+02 1.219864735245129506e+00
3.483777343750000000e+03 2.858112304687500000e+03 3.049416503906250000e+03 3.079947998046875000e+03 4.877298576445802496e+02 1.098611504707140529e+00
2.958969238281250000e+03 3.716750976562500000e+03 3.327887451171875000e+03 4.381777343750000000e+03 7.605003069407770226e+02 5.064767897052228074e-01
3.492834472656250000e+03 5.953548828125000000e+03 3.514000000000000000e+03 6.368441406250000000e+03 4.154321014689984963e+02 5.097029001016820798e-02
4.232684570312500000e+03 8.105815429687500000e+03 3.762156738281250000e+03 8.626728515625000000e+03 7.019593177791413154e+02 7.346216183751744788e-01
