# Fibre lengths: [x0, y0, x1, y1, length01, angle01]
6.161501953125000000e+03 1.091793701171875000e+03 5.964375976562500000e+03 1.632204956054687500e+03 5.752416666408436186e+02 3.497721461151092059e-01
5.106701660156250000e+03 1.217366577148437500e+03 5.675697265625000000e+03 1.447691894531250000e+03 6.138450544479793507e+02 1.186165076613944214e+00
1.114778442382812500e+03 1.334769653320312500e+03 6.890618896484375000e+02 1.409181884765625000e+03 4.321709886846994664e+02 1.397751612032855251e+00
8.915510742187500000e+03 2.898268554687500000e+03 8.766832031250000000e+03 3.109740234375000000e+03 2.585065384006549039e+02 6.127812357139270638e-01
1.015928466796875000e+03 3.593223144531250000e+03 1.272911865234375000e+03 4.551648437500000000e+03 9.922799550906594277e+02 2.619688786267952985e-01
5.237214843750000000e+03 5.287987792968750000e+03 4.929647949218750000e+03 5.480548828125000000e+03 3.628734584838682053e+02 1.011421801333509674e+00
7.464581054687500000e+03 7.716978515625000000e+03 8.087251953125000000e+03 8.186000976562500000e+03 7.795518691048288247e+02 9.252229622509712259e-01
6.855676269531250000e+03 8.568261718750000000e+03 6.164185546875000000e+03 8.876652343750000000e+03 7.571421247741757270e+02 1.151290951748809910e+00
4.411334960937500000e+03 8.620048828125000000e+03 4.464000000000000000e+03 9.129441406250000000e+03 5.121078060216314043e+02 1.030218912503710477e-01
8.311574218750000000e+03 8.920326171875000000e+03 8.099789550781250000e+03 9.768702148437500000e+03 8.744109692787535550e+02 2.446354715588517914e-01
