# Fibre lengths: [x0, y0, x1, y1, length01, angle01]
8.067684570312500000e+03 4.578157348632812500e+02 7.861654296875000000e+03 6.852307739257812500e+02 3.068649109372549333e+02 7.361014255130350348e-01
7.652230468750000000e+03 1.588221435546875000e+03 7.503570312500000000e+03 2.432822021484375000e+03 8.575838103778794448e+02 1.742277909765660437e-01
6.367654296875000000e+03 2.408269042968750000e+03 6.762684570312500000e+03 2.846184570312500000e+03 5.897617536097611719e+02 7.339573371994635442e-01
6.480176757812500000e+03 2.918261718750000000e+03 5.796185546875000000e+03 3.237652343750000000e+03 7.548869769559137239e+02 1.133935412876647897e+00
7.155101562500000000e+03 3.449459716796875000e+03 7.279216796875000000e+03 3.540017089843750000e+03 1.536399336667133184e+02 9.404643246306628734e-01
2.148283203125000000e+03 3.520270263671875000e+03 2.496532714843750000e+03 4.055698730468750000e+03 6.387185338384977058e+02 5.766653374293867484e-01
4.524975585937500000e+03 3.820255615234375000e+03 4.952886718750000000e+03 4.624166992187500000e+03 9.107038155072956442e+02 4.891419242716406046e-01
8.622313476562500000e+03 3.862780761718750000e+03 8.738550781250000000e+03 4.047216796875000000e+03 2.180086284190884953e+02 5.623520843609702835e-01
4.529834472656250000e+03 5.935048828125000000e+03 4.581000000000000000e+03 6.673941406250000000e+03 7.406619695897537667e+02 6.913587045599678405e-02
9.178441406250000000e+03 6.878000000000000000e+03 8.772392578125000000e+03 6.933990234375000000e+03 4.098909088611910647e+02 1.433770030857279165e+00
