# Fibre lengths: [x0, y0, x1, y1, length01, angle01]
4.123670898437500000e+03 6.554958496093750000e+02 4.380206054687500000e+03 7.490020751953125000e+02 2.730452354748936727e+02 1.221265647642289842e+00
1.841654541015625000e+03 2.509862060546875000e+03 2.257184326171875000e+03 2.912184326171875000e+03 5.783841351296146058e+02 8.015457924986342242e-01
4.537184570312500000e+03 2.579815673828125000e+03 4.192654296875000000e+03 2.913137695312500000e+03 4.793794731956601822e+02 8.019316040046589045e-01
3.870006835937500000e+03 4.448794921875000000e+03 3.778870605468750000e+03 4.746713867187500000e+03 3.115469635226212404e+02 2.968694818241486844e-01
2.412695800781250000e+03 4.625486816406250000e+03 1.801187377929687500e+03 4.823993652343750000e+03 6.429210800186309598e+02 1.256909684351358081e+00
5.934006835937500000e+03 7.277794921875000000e+03 5.669885253906250000e+03 8.197226562500000000e+03 9.566163033719786881e+02 2.797338069913490877e-01
6.624796875000000000e+03 7.415752441406250000e+03 6.749017089843750000e+03 7.586216796875000000e+03 2.109235839378891342e+02 6.297400444378002948e-01
7.787684570312500000e+03 7.774815429687500000e+03 7.517154296875000000e+03 8.073230468750000000e+03 4.027879893751077702e+02 7.364260219460514456e-01
9.174251953125000000e+03 8.849999023437500000e+03 8.544593750000000000e+03 9.342502929687500000e+03 7.993932389219417018e+02 9.070181965349454201e-01
3.571820312500000000e+03 9.007827148437500000e+03 3.747035400390625000e+03 9.708615234375000000e+03 7.223602068334497517e+02 2.450029266291500474e-01
