# Fibre lengths: [x0, y0, x1, y1, length01, angle01]
6.653789062500000000e+03 1.712975463867187500e+02 6.876035156250000000e+03 1.131615478515625000e+03 9.856996788857508136e+02 2.274258347403723679e-01
5.180778320312500000e+03 8.447696533203125000e+02 4.500061523437500000e+03 9.641817626953125000e+02 6.911111411438445202e+02 1.397142073939983575e+00
7.493597656250000000e+03 1.622068359375000000e+03 7.924267578125000000e+03 1.870911132812500000e+03 4.973925084878998746e+02 1.046857372348049653e+00
9.934074218750000000e+03 1.731826660156250000e+03 9.884806640625000000e+03 1.964172851562500000e+03 2.375122037186568207e+02 2.089488989096433269e-01
4.377392578125000000e+03 1.820509521484375000e+03 4.856441406250000000e+03 1.870000000000000000e+03 4.815984709191271236e+02 1.467851647466775100e+00
2.240393066406250000e+03 1.866009643554687500e+03 2.726441650390625000e+03 1.882000000000000000e+03 4.863115436553651989e+02 1.537909508882592258e+00
9.620000976562500000e+03 1.990748168945312500e+03 9.070809570312500000e+03 2.693278808593750000e+03 8.917177245876047209e+02 6.635028761323649160e-01
4.838834472656250000e+03 3.068548828125000000e+03 4.850000000000000000e+03 3.423441650390625000e+03 3.550684219928949688e+02 3.145131377537879747e-02
6.286501953125000000e+03 4.072793945312500000e+03 6.141375976562500000e+03 4.470204589843750000e+03 4.230800981610489657e+02 3.501327021510257653e-01
4.400975585937500000e+03 8.032255859375000000e+03 4.789886718750000000e+03 8.795167968750000000e+03 8.563216427584403618e+02 4.714345101375010394e-01
