# Fibre lengths: [x0, y0, x1, y1, length01, angle01]
7.625123046875000000e+03 1.135949707031250000e+03 7.390123535156250000e+03 1.616262695312500000e+03 5.347198679867011606e+02 4.550214052956483290e-01
9.483941406250000000e+03 1.820000000000000000e+03 8.530892578125000000e+03 1.885990478515625000e+03 9.553307343769261024e+02 1.501665220587261595e+00
5.328705078125000000e+03 2.391005371093750000e+03 5.193671875000000000e+03 2.440503417968750000e+03 1.438194096450030770e+02 1.219443760071402982e+00
8.234169921875000000e+03 3.369253173828125000e+03 8.592691406250000000e+03 4.210697265625000000e+03 9.146397183472414554e+02 4.027840412298619444e-01
4.328085937500000000e+03 4.100079589843750000e+03 4.883777343750000000e+03 4.407887695312500000e+03 6.352470139814619188e+02 1.064949160082686808e+00
2.007784423828125000e+03 4.421076171875000000e+03 2.036046997070312500e+03 4.603878906250000000e+03 1.849746272904660316e+02 1.533924489358336196e-01
7.912654296875000000e+03 4.438862304687500000e+03 8.212184570312500000e+03 4.718684570312500000e+03 4.099010673870605501e+02 8.194023488914637943e-01
5.254806640625000000e+03 4.865827148437500000e+03 5.464035156250000000e+03 5.769615234375000000e+03 9.276903988040464810e+02 2.274942097844268041e-01
8.269501953125000000e+03 5.765793457031250000e+03 7.943875976562500000e+03 6.614205078125000000e+03 9.087543977440806202e+02 3.664690799489718209e-01
5.396671386718750000e+03 8.448496093750000000e+03 6.274206542968750000e+03 8.785501953125000000e+03 9.400217549119776095e+02 1.204126549778592459e+00
