# Fibre lengths: [x0, y0, x1, y1, length01, angle01]
5.509283203125000000e+03 1.469270263671875000e+03 6.026533203125000000e+03 2.265698730468750000e+03 9.496556561324852055e+02 5.759968982365394341e-01
6.599006835937500000e+03 1.552794921875000000e+03 6.352871093750000000e+03 2.356714111328125000e+03 8.407549385838664193e+02 2.971074655692533262e-01
4.935106811523437500e+02 1.645268310546875000e+03 8.231108093261718750e+01 2.253758056640625000e+03 7.344010364386064111e+02 5.942790068607453069e-01
5.352708007812500000e+03 2.203925292968750000e+03 5.490173339843750000e+03 2.233074707031250000e+03 1.405219052341978454e+02 1.361842293791153402e+00
7.122169921875000000e+03 2.656003906250000000e+03 7.360706542968750000e+03 2.738501953125000000e+03 2.523997768244119300e+02 1.237822799499112891e+00
5.601697265625000000e+03 3.185308105468750000e+03 5.246165039062500000e+03 3.336611816406250000e+03 3.863883759482774281e+02 1.168443313653950044e+00
7.244416992187500000e+03 6.477052246093750000e+03 8.110166992187500000e+03 6.917886718750000000e+03 9.715235945575969936e+02 1.099820812919249047e+00
1.145615478515625000e+03 6.749964843750000000e+03 1.941540374755859375e+02 6.970071777343750000e+03 9.765889288754153768e+02 1.343459782746601938e+00
2.935210937500000000e+03 7.197031250000000000e+03 2.686596191406250000e+03 7.346507812500000000e+03 2.900905629490145543e+02 1.029467236996977730e+00
9.523933593750000000e+03 8.535818359375000000e+03 9.289927734375000000e+03 9.407777343750000000e+03 9.028129444431519914e+02 2.621900682606143618e-01
