# Fibre lengths: [x0, y0, x1, y1, length01, angle01]
2.460580322265625000e+03 9.676580810546875000e+02 2.527122558593750000e+03 1.102050292968750000e+03 1.499637817564705244e+02 4.597477323033266616e-01
9.663833984375000000e+03 4.089548828125000000e+03 9.672000000000000000e+03 4.335441406250000000e+03 2.460281361717536868e+02 3.319748655312770858e-02
1.471887573242187500e+03 4.684222656250000000e+03 1.423975341796875000e+03 4.774744140625000000e+03 1.024193392652118320e+02 4.868051111436458300e-01
8.700912109375000000e+03 5.476351562500000000e+03 8.548927734375000000e+03 6.043776367187500000e+03 5.874267266806883754e+02 2.617062474815667339e-01
4.502912109375000000e+03 5.759351562500000000e+03 4.449928222656250000e+03 5.956776367187500000e+03 2.044109726940382643e+02 2.621966518555270409e-01
2.718173339843750000e+03 5.879925292968750000e+03 2.388208007812500000e+03 5.950575195312500000e+03 3.374441124744577110e+02 1.359868029100790299e+00
6.845654296875000000e+03 6.818862304687500000e+03 7.208184570312500000e+03 7.169184570312500000e+03 5.041367760353350604e+02 8.025220619282606993e-01
1.091154541015625000e+03 6.853362304687500000e+03 1.805681640625000000e+03 7.474681640625000000e+03 9.468826185362162278e+02 8.550595722659682929e-01
1.105176269531250000e+03 8.248261718750000000e+03 1.000631225585937500e+03 8.300194335937500000e+03 1.167332983405795090e+02 1.109753119710312541e+00
3.728558349609375000e+03 9.455000000000000000e+03 4.529441406250000000e+03 9.455000000000000000e+03 8.008830566406250000e+02 1.570796326794896558e+00
