# Fibre lengths: [x0, y0, x1, y1, length01, angle01]
6.202654296875000000e+03 1.933621215820312500e+02 6.600184570312500000e+03 5.526843261718750000e+02 5.358570378474086056e+02 8.358381916912477338e-01
9.554994140625000000e+03 2.582949829101562500e+02 9.366873046875000000e+03 8.037139282226562500e+02 5.769500600740900609e+02 3.321341787362544484e-01
4.052000976562500000e+03 8.207481079101562500e+02 3.513809570312500000e+03 1.534278686523437500e+03 8.937426231178394573e+02 6.462253615934685502e-01
3.210911132812500000e+03 1.074732177734375000e+03 3.036960449218750000e+03 1.375742797851562500e+03 3.476582139775596829e+02 5.240026232205735601e-01
9.518050781250000000e+03 1.386877441406250000e+03 8.653630859375000000e+03 1.809194091796875000e+03 9.620671257929659532e+02 1.116346590266931393e+00
6.176872558593750000e+03 2.331285644531250000e+03 6.310994628906250000e+03 2.720705078125000000e+03 4.118691843357406128e+02 3.316910842040308172e-01
5.332184570312500000e+03 3.890315673828125000e+03 4.794154296875000000e+03 4.486230468750000000e+03 8.028642587274708831e+02 7.343954093035046649e-01
7.822551757812500000e+03 5.529783203125000000e+03 7.327283203125000000e+03 6.290729492187500000e+03 9.079263164487716722e+02 5.769786782590933250e-01
3.839235839843750000e+03 5.623428710937500000e+03 3.123708496093750000e+03 5.776074218750000000e+03 7.316283419259170842e+02 1.360614175267651271e+00
7.949684570312500000e+03 6.582815429687500000e+03 7.452156738281250000e+03 7.153728027343750000e+03 7.572814125596395343e+02 7.168218611820267316e-01
