# Fibre lengths: [x0, y0, x1, y1, length01, angle01]
4.924500000000000000e+03 3.967558105468750000e+03 4.849834472656250000e+03 4.503451171875000000e+03 5.410696069784494284e+02 1.384379303624464763e-01
2.624692138671875000e+03 4.084302978515625000e+03 2.479169433593750000e+03 4.425747070312500000e+03 3.711615894947209426e+02 4.028847183704181711e-01
9.057789062500000000e+03 4.108297851562500000e+03 9.244035156250000000e+03 4.912615722656250000e+03 8.255996882254232787e+02 2.275474364144626782e-01
1.971184326171875000e+03 4.737815429687500000e+03 1.293654541015625000e+03 5.415137695312500000e+03 9.580250838497170207e+02 7.855513310658349679e-01
8.677816406250000000e+03 5.051761718750000000e+03 8.835550781250000000e+03 5.303216796875000000e+03 2.968329317503205971e+02 5.602418481817899032e-01
5.835000976562500000e+03 5.657748046875000000e+03 5.690809570312500000e+03 5.848278320312500000e+03 2.389413039483150101e+02 6.478325665891795371e-01
6.993510742187500000e+03 6.083268554687500000e+03 6.763832031250000000e+03 6.422740234375000000e+03 4.098698959032784046e+02 5.948322182430461069e-01
4.542698730468750000e+03 6.189466796875000000e+03 4.208146484375000000e+03 6.406562988281250000e+03 3.988182063164521765e+02 9.951837619790527834e-01
8.612206054687500000e+03 7.775498046875000000e+03 8.033671875000000000e+03 7.986503417968750000e+03 6.158125231733272358e+02 1.221064937579741994e+00
1.653154418945312500e+03 8.989361328125000000e+03 1.799184326171875000e+03 9.116684570312500000e+03 1.937419464280650629e+02 8.537256891111698609e-01
