# Fibre lengths: [x0, y0, x1, y1, length01, angle01]
3.405184570312500000e+03 4.138157348632812500e+02 3.332654541015625000e+03 4.882307434082031250e+02 1.039143813268709238e+02 7.725710826498608519e-01
3.740416748046875000e+03 6.566922607421875000e+02 3.671971191406250000e+03 1.006292053222656250e+03 3.562370125720119631e+02 1.933370990904295372e-01
8.907822265625000000e+03 1.402260253906250000e+03 8.993016601562500000e+03 1.519216796875000000e+03 1.446959150046492084e+02 6.295510086833960850e-01
5.965810546875000000e+02 1.651978759765625000e+03 1.150251831054687500e+03 2.070000976562500000e+03 6.937534881633516761e+02 9.241019924253957019e-01
9.104501953125000000e+03 2.913793457031250000e+03 8.981875000000000000e+03 3.250204345703125000e+03 3.580637591962102420e+02 3.495471686093236108e-01
7.119779785156250000e+03 4.419556640625000000e+03 7.164046875000000000e+03 4.702878906250000000e+03 2.867596231029007754e+02 1.549898022632915651e-01
9.132692382812500000e+03 5.414302734375000000e+03 8.945169921875000000e+03 5.854747070312500000e+03 4.787022941406083874e+02 4.025120463561427941e-01
8.833708007812500000e+03 6.971924804687500000e+03 9.145173828125000000e+03 7.038074707031250000e+03 3.184128873067580230e+02 1.361523320705239737e+00
4.366920166015625000e+02 7.233302734375000000e+03 3.681696166992187500e+02 7.393747070312500000e+03 1.744640485108667747e+02 4.036302254155982316e-01
3.050000000000000000e+02 7.640558105468750000e+03 2.768346252441406250e+02 7.848451171875000000e+03 2.097923149091297716e+02 1.346602109765790145e-01
