# Fibre lengths: [x0, y0, x1, y1, length01, angle01]
9.026154296875000000e+03 1.099362182617187500e+03 9.185681640625000000e+03 1.238682006835937500e+03 2.117994023227498701e+02 8.529136299065082083e-01
7.119994628906250000e+03 1.474294799804687500e+03 7.019872558593750000e+03 1.763714233398437500e+03 3.062483265348371901e+02 3.330542852729317937e-01
5.499441406250000000e+03 2.195000000000000000e+03 4.689392578125000000e+03 2.221990478515625000e+03 8.104983589602068150e+02 1.537489079124326308e+00
4.939085937500000000e+03 2.691079589843750000e+03 5.093777343750000000e+03 2.776887451171875000e+03 1.768966371452811757e+02 1.064349172484691630e+00
3.951184570312500000e+03 3.474815917968750000e+03 3.585654785156250000e+03 3.829137695312500000e+03 5.090736152428332844e+02 8.009667928775677792e-01
3.721216552734375000e+03 3.497448730468750000e+03 2.943146728515625000e+03 4.002562988281250000e+03 9.276492143074715386e+02 9.949915429639152320e-01
5.143237304687500000e+03 6.059861328125000000e+03 5.443684082031250000e+03 6.312679199218750000e+03 3.926641592514153558e+02 8.712734636283743228e-01
4.480747680664062500e+02 6.508826660156250000e+03 2.818067932128906250e+02 7.290172851562500000e+03 7.988409793487948036e+02 2.096693593819003165e-01
7.786310546875000000e+03 9.363242187500000000e+03 8.116510742187500000e+03 9.852731445312500000e+03 5.904505927664441742e+02 5.934618212909273938e-01
1.796050292968750000e+03 9.612876953125000000e+03 1.378631347656250000e+03 9.817194335937500000e+03 4.647409696004318675e+02 1.115601709076713854e+00
