# Fibre lengths: [x0, y0, x1, y1, length01, angle01]
3.292216796875000000e+03 7.439830322265625000e+02 3.044624511718750000e+03 9.240371093750000000e+02 3.061395276122789255e+02 9.420344866851350085e-01
8.369671875000000000e+03 8.434958496093750000e+02 9.067206054687500000e+03 1.097501953125000000e+03 7.423429345359892295e+02 1.221572973721745337e+00
2.959090805053710938e+01 3.204074707031250000e+03 7.937772216796875000e+02 3.627887695312500000e+03 8.738410444548785563e+02 1.064433052177525152e+00
5.013757324218750000e+02 3.762795410156250000e+03 7.775018310546875000e+02 4.481206054687500000e+03 7.696489306963167110e+02 3.669486521579276572e-01
3.068691894531250000e+03 4.824302734375000000e+03 2.846169433593750000e+03 5.345747070312500000e+03 5.669395391953021317e+02 4.033456366321832021e-01
9.373933593750000000e+03 5.942819335937500000e+03 9.290927734375000000e+03 6.251776367187500000e+03 3.199131442272976642e+02 2.624668799528998564e-01
9.908000976562500000e+03 6.783748046875000000e+03 9.597865234375000000e+03 7.179709960937500000e+03 5.029612469865149365e+02 6.644415193905345296e-01
5.747173339843750000e+03 6.912925292968750000e+03 4.994154296875000000e+03 7.087071289062500000e+03 7.728935936007339933e+02 1.343528028820831999e+00
7.887896728515625000e+02 7.209297851562500000e+03 9.669119262695312500e+02 7.920648437500000000e+03 7.333124799676598968e+02 2.453551865001626919e-01
6.403169921875000000e+03 9.142253906250000000e+03 6.686638183593750000e+03 9.809197265625000000e+03 7.246845520750805463e+02 4.018926611589992981e-01
