# Fibre lengths: [x0, y0, x1, y1, length01, angle01]
3.029684570312500000e+03 7.388157348632812500e+02 2.862154541015625000e+03 9.232307739257812500e+02 2.491489862484597779e+02 7.374586572694092901e-01
3.951681884765625000e+03 2.520318359375000000e+03 3.770654785156250000e+03 2.727730712890625000e+03 2.753010991330640991e+02 7.175760477338445353e-01
2.901216552734375000e+03 2.846448730468750000e+03 2.322162353515625000e+03 3.195037109375000000e+03 6.758828474975194922e+02 1.028910386598985927e+00
8.579173828125000000e+03 2.932925292968750000e+03 7.823708007812500000e+03 3.094075195312500000e+03 7.724622299412694701e+02 1.360634173678325176e+00
8.444156250000000000e+03 3.544271972656250000e+03 8.860684570312500000e+03 4.006184570312500000e+03 6.219799751566744135e+02 7.337794823570046310e-01
6.656784179687500000e+03 3.935076416015625000e+03 6.801046875000000000e+03 4.850878906250000000e+03 9.270954246345462479e+02 1.562420807193658778e-01
1.956580322265625000e+03 4.734658203125000000e+03 2.094738281250000000e+03 5.015176757812500000e+03 3.126951888895832781e+02 4.576370029500547165e-01
8.148037109375000000e+02 5.570588867187500000e+03 9.358863525390625000e+02 5.807166992187500000e+03 2.657634574687198210e+02 4.730495408720385431e-01
4.053313476562500000e+03 7.377780273437500000e+03 4.314011718750000000e+03 7.810214843750000000e+03 5.049388389508267210e+02 5.425210385061078888e-01
9.300216796875000000e+03 8.271449218750000000e+03 8.488648437500000000e+03 8.759548828125000000e+03 9.470398252505840446e+02 1.029327782862017093e+00
