# Fibre lengths: [x0, y0, x1, y1, length01, angle01]
2.289123535156250000e+03 1.269237548828125000e+03 2.538238525390625000e+03 1.826676269531250000e+03 6.105703937291827970e+02 4.202664347072155304e-01
9.354615234375000000e+03 2.122964599609375000e+03 8.427208007812500000e+03 2.337575195312500000e+03 9.519148447568187521e+02 1.343389920700539975e+00
5.686810546875000000e+03 2.844547363281250000e+03 6.598173339843750000e+03 3.038074707031250000e+03 9.316839449012370551e+02 1.361555029985463072e+00
4.825834472656250000e+03 3.145048828125000000e+03 4.916000000000000000e+03 4.009441650390625000e+03 8.690827195989510301e+02 1.039349480180290636e-01
1.324911987304687500e+03 3.701351562500000000e+03 1.126928222656250000e+03 4.438776367187500000e+03 7.635397262963895173e+02 2.622945129094182426e-01
7.616165039062500000e+03 4.752388671875000000e+03 8.492697265625000000e+03 5.124691894531250000e+03 9.523226521525375574e+02 1.169141162551655455e+00
8.776574218750000000e+03 6.299326660156250000e+03 8.751789062500000000e+03 6.405702148437500000e+03 1.092247612833796495e+02 2.289128227920086966e-01
2.350893066406250000e+03 6.524009765625000000e+03 2.519441650390625000e+03 6.535000000000000000e+03 1.689065138316321679e+02 1.505683360762817946e+00
3.475551269531250000e+03 8.569783203125000000e+03 3.181313720703125000e+03 9.040218750000000000e+03 5.548741649274757037e+02 5.589284011293779164e-01
8.682953125000000000e+03 9.388752929687500000e+03 8.845902343750000000e+03 9.670773437500000000e+03 3.257115514040847302e+02 5.239300781252937966e-01
