# Fibre lengths: [x0, y0, x1, y1, length01, angle01]
5.916169921875000000e+03 2.895003906250000000e+03 6.430206542968750000e+03 3.072001953125000000e+03 5.436561012469594516e+02 1.239181953223620125e+00
5.820806640625000000e+03 4.252826660156250000e+03 5.940035156250000000e+03 4.811615722656250000e+03 5.713673558296534338e+02 2.102171321021131523e-01
7.890500000000000000e+03 5.084558593750000000e+03 7.792834472656250000e+03 5.885451171875000000e+03 8.068255554499014579e+02 1.213467111503064855e-01
8.165648437500000000e+03 5.362087890625000000e+03 7.750085937500000000e+03 5.473981445312500000e+03 4.303630548581680273e+02 1.307776144222362991e+00
2.669685791015625000e+03 5.795347656250000000e+03 2.890176269531250000e+03 5.898738281250000000e+03 2.435275599474111061e+02 1.132326981832979751e+00
4.410575195312500000e+03 6.401042480468750000e+03 4.357784179687500000e+03 6.737923828125000000e+03 3.409925713698323193e+02 1.554409370636584686e-01
6.419521972656250000e+03 6.408050781250000000e+03 6.349834472656250000e+03 6.909451171875000000e+03 5.062200108402991532e+02 1.381010321347498071e-01
3.386834472656250000e+03 8.925548828125000000e+03 3.410000000000000000e+03 9.384441406250000000e+03 4.594769198940500132e+02 5.043855659626057808e-02
5.915887207031250000e+03 9.122222656250000000e+03 5.683975585937500000e+03 9.558745117187500000e+03 4.943023962123411366e+02 4.883501442092030298e-01
6.439154296875000000e+03 9.737927734375000000e+03 6.660615722656250000e+03 9.793035156250000000e+03 2.282147914898885972e+02 1.326914145352785068e+00
