# Fibre lengths: [x0, y0, x1, y1, length01, angle01]
8.211842651367187500e+02 4.928157348632812500e+02 4.726544799804687500e+02 8.066378173828125000e+02 4.689960667403909724e+02 8.377509827547897636e-01
2.018310913085937500e+03 5.242418212890625000e+02 2.186024902343750000e+03 7.627359008789062500e+02 2.915602994102187040e+02 6.128842829567944239e-01
5.530951538085937500e+02 7.714653320312500000e+02 1.260731445312500000e+03 1.249510498046875000e+03 8.539767571803741930e+02 9.766674861835411559e-01
6.350708007812500000e+03 2.362924804687500000e+03 6.865673339843750000e+03 2.472574951171875000e+03 5.265096844485393603e+02 1.361002189056626399e+00
4.598838867187500000e+03 2.437068359375000000e+03 4.647000000000000000e+03 2.784441650390625000e+03 3.506960194025722899e+02 1.377655078055407545e-01
1.216676269531250000e+03 2.895261718750000000e+03 1.053185791015625000e+03 2.968652343750000000e+03 1.792074786474009329e+02 1.148858814814310847e+00
2.701671386718750000e+03 3.069496582031250000e+03 3.482206298828125000e+03 3.369501953125000000e+03 8.362045035197361358e+02 1.203846133450454214e+00
7.062676269531250000e+03 7.670261718750000000e+03 6.269185546875000000e+03 8.023652343750000000e+03 8.686267672478372788e+02 1.151806041730500496e+00
7.627941406250000000e+03 8.319000000000000000e+03 6.751393066406250000e+03 8.363990234375000000e+03 8.777021780034225458e+02 1.519514740873851633e+00
9.105322265625000000e+03 9.723759765625000000e+03 9.182016601562500000e+03 9.828216796875000000e+03 1.295889368057998183e+02 6.333245243175009698e-01
