# Fibre lengths: [x0, y0, x1, y1, length01, angle01]
5.334085937500000000e+03 1.031079589843750000e+03 6.180777343750000000e+03 1.499887451171875000e+03 9.678156582018359586e+02 1.065121537451870770e+00
1.514000000000000000e+03 2.329058349609375000e+03 1.461834716796875000e+03 2.930951171875000000e+03 6.041491424032160467e+02 8.645269419818647771e-02
1.863885253906250000e+03 2.816773925781250000e+03 2.076006835937500000e+03 3.554205078125000000e+03 7.673332196708749962e+02 2.800877527718578786e-01
2.367654785156250000e+03 3.470769042968750000e+03 2.446184570312500000e+03 3.551184570312500000e+03 1.123992179450559519e+02 7.735346256287569666e-01
5.333551269531250000e+03 3.591783203125000000e+03 4.828313476562500000e+03 4.399219238281250000e+03 9.524800146526847584e+02 5.591248369491922388e-01
2.660085937500000000e+03 4.546018554687500000e+03 3.126648437500000000e+03 4.670912109375000000e+03 4.829896131478704433e+02 1.309239906378280027e+00
2.521885253906250000e+03 8.369773437500000000e+03 2.566006835937500000e+03 8.513205078125000000e+03 1.500644845835265357e+02 2.984274033606413856e-01
4.064196777343750000e+03 8.667361328125000000e+03 3.929165527343750000e+03 8.724611328125000000e+03 1.466662912074976362e+02 1.169793394251575025e+00
2.379375732421875000e+03 8.893794921875000000e+03 2.465001953125000000e+03 9.115206054687500000e+03 2.373915318734322284e+02 3.690142217480251174e-01
9.255267578125000000e+03 8.989088867187500000e+03 9.066091796875000000e+03 9.097925781250000000e+03 2.182497424378683206e+02 1.048720386010131289e+00
