# Fibre lengths: [x0, y0, x1, y1, length01, angle01]
3.652307861328125000e+03 2.897583251953125000e+03 3.057571777343750000e+03 3.012864746093750000e+03 6.058059363231467387e+02 1.379334280757969600e+00
9.291648437500000000e+03 3.219087890625000000e+03 8.656691406250000000e+03 3.388946289062500000e+03 6.572840383377387070e+02 1.309405223144120667e+00
1.034834594726562500e+03 4.466548828125000000e+03 1.058000000000000000e+03 5.156441406250000000e+03 6.902813957752605347e+02 3.356566740260272935e-02
9.476230468750000000e+03 4.885221679687500000e+03 9.432160156250000000e+03 5.136701660156250000e+03 2.553123048746584232e+02 1.734822318145939068e-01
5.685146484375000000e+03 6.065437011718750000e+03 5.847216796875000000e+03 6.171551269531250000e+03 1.937189250046194502e+02 9.910946838633566403e-01
3.746960205078125000e+03 6.094257812500000000e+03 4.021902343750000000e+03 6.569772460937500000e+03 5.492789459792753632e+02 5.242351598399856982e-01
9.389974609375000000e+03 6.392255371093750000e+03 9.786394531250000000e+03 7.106782226562500000e+03 8.171275185951340063e+02 5.065214128067828669e-01
7.654570312500000000e+03 7.131177734375000000e+03 7.692416992187500000e+03 7.326307617187500000e+03 1.987663007901193737e+02 1.915776609124836272e-01
9.881670532226562500e+02 7.431113281250000000e+03 2.964164733886718750e+02 7.783948242187500000e+03 7.765380701294823211e+02 1.099132387479324846e+00
4.239832031250000000e+03 8.484259765625000000e+03 4.573024902343750000e+03 8.958736328125000000e+03 5.797805599617088319e+02 6.122227274692948473e-01
