# Fibre lengths: [x0, y0, x1, y1, length01, angle01]
8.357062500000000000e+03 6.718182373046875000e+02 9.325778320312500000e+03 8.422303466796875000e+02 9.835906808959490490e+02 1.396662521242257871e+00
7.040146484375000000e+03 9.944370117187500000e+02 7.193698730468750000e+03 1.094532958984375000e+03 1.832961836466824650e+02 9.931083525069412943e-01
7.509000000000000000e+03 2.490558349609375000e+03 7.469838867187500000e+03 2.772931640625000000e+03 2.850759018264313340e+02 1.378066582364637083e-01
2.272166015625000000e+03 4.644464355468750000e+03 2.916229492187500000e+03 5.031512695312500000e+03 7.514147850671937476e+02 1.029680422274363627e+00
9.125911132812500000e+03 5.717732421875000000e+03 8.662460937500000000e+03 6.519741699218750000e+03 9.262855739352947921e+02 5.239820309099326723e-01
9.241569213867187500e+02 7.406271972656250000e+03 1.484679321289062500e+03 8.072684082031250000e+03 8.707987484567946694e+02 6.993071998153145286e-01
3.268777099609375000e+03 7.745112304687500000e+03 2.886085449218750000e+03 7.956919921875000000e+03 4.373961202129562480e+02 1.065294373892779145e+00
4.969251953125000000e+03 8.091999023437500000e+03 4.336581054687500000e+03 8.569021484375000000e+03 7.923527585416625243e+02 9.247516137305926698e-01
6.099000000000000000e+03 9.085558593750000000e+03 6.011834472656250000e+03 9.919451171875000000e+03 8.384358419158101015e+02 1.041502609986242611e-01
