# Fibre lengths: [x0, y0, x1, y1, length01, angle01]
5.634778320312500000e+03 7.507696533203125000e+02 4.752261718750000000e+03 9.056687011718750000e+02 8.960074034620166685e+02 1.397046449182685279e+00
7.949119873046875000e+02 1.106351562500000000e+03 7.067894897460937500e+02 1.457702392578125000e+03 3.622333231117090691e+02 2.457413951276860853e-01
4.118654296875000000e+03 3.086862060546875000e+03 4.631184570312500000e+03 3.582184570312500000e+03 7.127634038518224315e+02 8.024701923365716860e-01
2.080230224609375000e+03 3.313221679687500000e+03 1.997570068359375000e+03 3.781821777343750000e+03 4.758347958637760939e+02 1.746018771297211947e-01
6.991670898437500000e+03 6.135496093750000000e+03 7.873206542968750000e+03 6.456501953125000000e+03 9.381630211920573856e+02 1.221577102417546801e+00
3.557154541015625000e+03 7.670769531250000000e+03 3.745684570312500000e+03 7.879184570312500000e+03 2.810345182608427308e+02 7.353448880148268918e-01
7.220229492187500000e+03 7.782229492187500000e+03 7.440770507812500000e+03 8.002770507812500000e+03 3.118920953564116871e+02 7.853981633974482790e-01
8.361441406250000000e+03 8.346000000000000000e+03 7.651393066406250000e+03 8.431990234375000000e+03 7.152363003390787526e+02 1.450278465413350926e+00
9.237081298828125000e+02 8.865924804687500000e+03 1.330173339843750000e+03 8.952074218750000000e+03 4.154945107361841679e+02 1.361939318608310856e+00
9.587597656250000000e+03 9.607068359375000000e+03 9.970773437500000000e+03 9.828902343750000000e+03 4.427572652822713621e+02 1.046009596912329975e+00
