# Fibre lengths: [x0, y0, x1, y1, length01, angle01]
8.260736328125000000e+03 2.497512626647949219e+01 7.712624511718750000e+03 4.095192260742187500e+02 6.695526327191188329e+02 9.590109769321578659e-01
7.179691894531250000e+03 1.203029174804687500e+02 6.993169921875000000e+03 5.577469482421875000e+02 4.755499199165513460e+02 4.030478114059700689e-01
7.485187500000000000e+03 1.566005859375000000e+03 7.653695800781250000e+03 1.621005126953125000e+03 1.772567822857969304e+02 1.255308574857209925e+00
7.065809570312500000e+03 2.585721191406250000e+03 7.488036132812500000e+03 3.125788085937500000e+03 6.855271844713341807e+02 6.635470441299882172e-01
8.632833984375000000e+03 2.685048828125000000e+03 8.650000000000000000e+03 2.945441650390625000e+03 2.609580310699310530e+02 6.582828506327072227e-02
4.923870605468750000e+03 6.673286132812500000e+03 5.211004882812500000e+03 7.555695800781250000e+03 9.279509229212702621e+02 3.145917689741747347e-01
3.754441650390625000e+03 7.240000000000000000e+03 2.860393066406250000e+03 7.332990234375000000e+03 8.988715448903606102e+02 1.467158706964215797e+00
4.807000000000000000e+03 7.510558105468750000e+03 4.798000000000000000e+03 8.080441406250000000e+03 5.699543635321451802e+02 1.579139425708392733e-02
1.451608886718750000e+03 9.199030273437500000e+03 1.254168945312500000e+03 9.248517578125000000e+03 2.035473502351158004e+02 1.325210837264636732e+00
7.833510742187500000e+03 9.257268554687500000e+03 7.515832519531250000e+03 9.710740234375000000e+03 5.536750106593547116e+02 6.110929809935972123e-01
