# Fibre lengths: [x0, y0, x1, y1, length01, angle01]
5.821234130859375000e+02 7.792373657226562500e+02 8.907385253906250000e+02 1.470676269531250000e+03 7.571862685250338245e+02 4.198040180752449779e-01
4.407393066406250000e+03 3.458009521484375000e+03 5.232441406250000000e+03 3.558000000000000000e+03 8.310853499326718747e+02 1.450191030694468086e+00
2.678085449218750000e+03 3.790079833984375000e+03 3.429777343750000000e+03 4.189887695312500000e+03 8.514029776103376435e+02 1.081973269525985604e+00
3.289184326171875000e+03 3.930315673828125000e+03 2.586654541015625000e+03 4.563637695312500000e+03 9.458566920674304583e+02 8.371598509368182173e-01
4.163834472656250000e+03 4.061548828125000000e+03 4.170000000000000000e+03 4.271441406250000000e+03 2.099831137958139777e+02 2.936623563853183252e-02
5.648124023437500000e+03 4.569737304687500000e+03 6.023738769531250000e+03 5.374176757812500000e+03 8.878115065863481732e+02 4.368411664786037152e-01
3.228205078125000000e+03 6.507993164062500000e+03 3.049687011718750000e+03 6.562985839843750000e+03 1.867963983138003812e+02 1.271969722647023460e+00
1.381000000000000000e+03 6.822058105468750000e+03 1.303834472656250000e+03 7.717951171875000000e+03 8.992101562176844709e+02 8.592046270535171060e-02
6.297892578125000000e+03 7.686009277343750000e+03 7.159941406250000000e+03 7.745000000000000000e+03 8.640648629768440969e+02 1.502472006400989102e+00
6.904441406250000000e+03 8.950000000000000000e+03 6.208392578125000000e+03 9.046990234375000000e+03 7.027738446316163845e+02 1.432343823630282564e+00
