# Fibre lengths: [x0, y0, x1, y1, length01, angle01]
5.193154296875000000e+03 1.650362060546875000e+03 5.769681640625000000e+03 2.151682128906250000e+03 7.640062755182572118e+02 8.550606946333048075e-01
5.122166137695312500e+02 3.316448486328125000e+03 3.286480712890625000e+02 3.431548583984375000e+03 2.166689693262095773e+02 1.010749850922704640e+00
3.778834472656250000e+03 4.271548828125000000e+03 3.803000000000000000e+03 4.985441406250000000e+03 7.143014670387851766e+02 3.383744896846692385e-02
2.191204833984375000e+03 4.909993164062500000e+03 1.558687255859375000e+03 5.090985839843750000e+03 6.579033632104126355e+02 1.292097141574331420e+00
4.952654296875000000e+03 5.964769531250000000e+03 5.138184570312500000e+03 6.162184570312500000e+03 2.709136024821232809e+02 7.543729707248331140e-01
3.253685546875000000e+03 6.150347656250000000e+03 3.675176269531250000e+03 6.347738281250000000e+03 4.654218388979813312e+02 1.132816080116021862e+00
5.721777343750000000e+03 6.228612304687500000e+03 5.012085937500000000e+03 6.605919921875000000e+03 8.037555163685109392e+02 1.082150271191854918e+00
1.636441650390625000e+03 6.579000000000000000e+03 1.398393066406250000e+03 6.602990234375000000e+03 2.392543827860494332e+02 1.470356712422175249e+00
7.191887695312500000e+03 8.927222656250000000e+03 6.947975585937500000e+03 9.366744140625000000e+03 5.026651493061413021e+02 5.066350609803351723e-01
1.220878784179687500e+03 9.863953125000000000e+03 9.719526367187500000e+02 9.902001953125000000e+03 2.518172754427904465e+02 1.419118433979709604e+00
