# Fibre lengths: [x0, y0, x1, y1, length01, angle01]
3.288963867187500000e+03 4.017890625000000000e+02 3.450912109375000000e+03 1.003648437500000000e+03 6.232671501234536890e+02 2.628540255243126955e-01
6.433834472656250000e+03 1.824048828125000000e+03 6.475000000000000000e+03 2.304941650390625000e+03 4.826515380148363761e+02 8.539411478889158413e-02
6.605681640625000000e+03 2.412318359375000000e+03 6.180156738281250000e+03 2.900728027343750000e+03 6.477773122609363554e+02 7.166998024364040765e-01
8.785994140625000000e+03 3.325294921875000000e+03 8.739375976562500000e+03 3.453205078125000000e+03 1.361405938449571238e+02 3.494984531285736939e-01
3.941885253906250000e+03 4.421773925781250000e+03 4.175006835937500000e+03 5.234205078125000000e+03 8.452159779058523554e+02 2.794354415217820686e-01
1.575731445312500000e+03 5.906489257812500000e+03 1.303095092773437500e+03 6.090534667968750000e+03 3.289426906398533674e+02 9.770066663527278150e-01
1.519954589843750000e+03 6.234751953125000000e+03 1.732911132812500000e+03 6.604267578125000000e+03 4.264883190807711912e+02 5.228202398081324143e-01
5.443000000000000000e+03 7.607558105468750000e+03 5.429834960937500000e+03 8.014451171875000000e+03 4.071059883408718747e+02 3.234375097475224170e-02
1.201122680664062500e+03 7.838949707031250000e+03 1.015123718261718750e+03 8.219262695312500000e+03 4.233598741852641183e+02 4.548639299647604384e-01
3.905214843750000000e+03 9.168988281250000000e+03 3.525647949218750000e+03 9.406548828125000000e+03 4.477790089493321943e+02 1.011569717407916347e+00
