# Fibre lengths: [x0, y0, x1, y1, length01, angle01]
9.450069580078125000e+02 9.657949218750000000e+02 8.298848876953125000e+02 1.367225830078125000e+03 4.176120988834279046e+02 2.792840071610002139e-01
2.260069427490234375e+02 1.143794921875000000e+03 6.088485336303710938e+01 1.718225830078125000e+03 5.976923729664455323e+02 2.799067342922375579e-01
5.352574707031250000e+03 4.770326660156250000e+03 5.154789062500000000e+03 5.625702148437500000e+03 8.779444100482836575e+02 2.272331356198475372e-01
2.440385253906250000e+03 5.174773925781250000e+03 2.565007080078125000e+03 5.581205078125000000e+03 4.251080817320244023e+02 2.975233561244134406e-01
1.063166992187500000e+03 6.028113281250000000e+03 7.544165039062500000e+02 6.185947753906250000e+03 3.467543579720186244e+02 1.098225775570903950e+00
8.966308593750000000e+03 6.172583496093750000e+03 8.390737304687500000e+03 6.284253906250000000e+03 5.863041781341261185e+02 1.379160557271767340e+00
5.132160156250000000e+03 7.214298339843750000e+03 5.270230468750000000e+03 7.999778320312500000e+03 7.975225457070386028e+02 1.740007107639179318e-01
7.361569213867187500e+02 8.841271484375000000e+03 9.696793212890625000e+02 9.117683593750000000e+03 3.618513029758040034e+02 7.014873885742616277e-01
8.846970825195312500e+02 9.081307617187500000e+03 5.897016601562500000e+02 9.206632812500000000e+03 3.205131881770342375e+02 1.169063103634614409e+00
3.334671142578125000e+03 9.611496093750000000e+03 3.930706542968750000e+03 9.828501953125000000e+03 6.343104456982360944e+02 1.221631642057505518e+00
