# Fibre lengths: [x0, y0, x1, y1, length01, angle01]
2.771253417968750000e+03 4.074856567382812500e+02 2.430581054687500000e+03 6.740213012695312500e+02 4.325493138467807626e+02 9.068912784999811905e-01
8.563392578125000000e+03 1.237009765625000000e+03 8.697441406250000000e+03 1.241000000000000000e+03 1.341082036717113795e+02 1.541038092372231105e+00
3.221885253906250000e+03 1.676773925781250000e+03 3.291513183593750000e+03 1.903695556640625000e+03 2.373635927105205781e+02 2.977173170531087765e-01
8.007773437500000000e+02 1.936112548828125000e+03 4.440856323242187500e+02 2.133920410156250000e+03 4.078687619848565191e+02 1.064456956390047893e+00
5.717697265625000000e+03 2.073308105468750000e+03 5.089165527343750000e+03 2.340611816406250000e+03 6.830105562198934877e+02 1.168686205445653492e+00
2.636545104980468750e+02 2.713862304687500000e+03 5.631843872070312500e+02 3.004184570312500000e+03 4.171392632669962950e+02 8.010069281201782632e-01
3.885184570312500000e+03 3.608815917968750000e+03 3.803479492187500000e+03 3.691934326171875000e+03 1.165520895292472687e+02 7.768235635533459194e-01
4.910311523437500000e+03 5.393242187500000000e+03 5.136510742187500000e+03 5.727731445312500000e+03 4.037934498664724856e+02 5.946096671522342891e-01
7.045206054687500000e+03 5.978498046875000000e+03 6.320671875000000000e+03 6.242503417968750000e+03 7.711346273523107584e+02 1.221369171015936228e+00
8.001567382812500000e+02 6.614271972656250000e+03 9.496820068359375000e+02 6.784681640625000000e+03 2.267096400102365124e+02 7.202136236322781437e-01
