# Fibre lengths: [x0, y0, x1, y1, length01, angle01]
7.839834472656250000e+03 5.104880523681640625e+01 7.900000000000000000e+03 9.199415893554687500e+02 8.709733411385301451e+02 6.913355159274080231e-02
2.558205078125000000e+03 7.899308776855468750e+01 1.870687133789062500e+03 2.759859008789062500e+02 7.151832577745673234e+02 1.291744969192446302e+00
7.559510742187500000e+03 1.303268554687500000e+03 7.478310546875000000e+03 1.421758178710937500e+03 1.436428303814838046e+02 6.007876394539444220e-01
7.098176757812500000e+03 2.245261718750000000e+03 6.998685546875000000e+03 2.291652343750000000e+03 1.097751845441434142e+02 1.134487862008435544e+00
4.980313964843750000e+03 2.654780761718750000e+03 5.158551269531250000e+03 2.950216796875000000e+03 3.450376612068741906e+02 5.428442865860841904e-01
3.757558349609375000e+03 3.012000000000000000e+03 4.316441406250000000e+03 3.012000000000000000e+03 5.588830566406250000e+02 1.570796326794896558e+00
7.061843872070312500e+02 3.012815917968750000e+03 5.331545410156250000e+02 3.197230957031250000e+03 2.528798811796721395e+02 7.535573244422418826e-01
7.771313964843750000e+03 3.090780761718750000e+03 7.947051269531250000e+03 3.370716796875000000e+03 3.305265254678184874e+02 5.605935119057406935e-01
5.841679199218750000e+03 3.559316162109375000e+03 5.327157226562500000e+03 4.171728027343750000e+03 7.998632089463329748e+02 6.987517306284395380e-01
4.048333984375000000e+03 3.637442138671875000e+03 3.331416503906250000e+03 4.002947998046875000e+03 8.047143636341517094e+02 1.099315877079396486e+00
