# Fibre lengths: [x0, y0, x1, y1, length01, angle01]
9.063520507812500000e+03 4.230657653808593750e+02 8.353654296875000000e+03 1.109137939453125000e+03 9.872208797766629687e+02 8.024417042590674676e-01
3.831654785156250000e+03 1.214769165039062500e+03 4.406184570312500000e+03 1.829184326171875000e+03 8.411839657658405258e+02 7.518638740546598198e-01
7.870638183593750000e+03 1.346803466796875000e+03 7.633198242187500000e+03 1.932252929687500000e+03 6.317664120336920632e+02 3.852976901842665725e-01
3.894671386718750000e+03 2.045496582031250000e+03 4.013206298828125000e+03 2.091501953125000000e+03 1.271495951949942480e+02 1.200576018816096324e+00
4.111409179687500000e+03 2.080221679687500000e+03 3.796954101562500000e+03 2.624247558593750000e+03 6.283678485396254700e+02 5.240971247194941007e-01
4.129784179687500000e+03 5.057076171875000000e+03 4.275554687500000000e+03 5.983433593750000000e+03 9.377564257368812832e+02 1.560789496781439523e-01
4.761501953125000000e+03 6.098793945312500000e+03 4.693375976562500000e+03 6.275205078125000000e+03 1.891085309095911953e+02 3.685337668369454422e-01
1.168061767578125000e+03 6.182818359375000000e+03 1.288915527343750000e+03 6.203854492187500000e+03 1.226709017379123168e+02 1.398460244312842438e+00
4.760570312500000000e+03 6.790177734375000000e+03 4.910953125000000000e+03 7.643232421875000000e+03 8.662085719739402521e+02 1.744945599997455854e-01
6.168375000000000000e+03 8.333795898437500000e+03 6.260001953125000000e+03 8.584206054687500000e+03 2.666472292976628182e+02 3.507754290398387709e-01
