# Fibre lengths: [x0, y0, x1, y1, length01, angle01]
3.700618286132812500e+02 9.258182373046875000e+02 1.302915771484375000e+03 1.089854125976562500e+03 9.471664328419359435e+02 1.396732772419402302e+00
1.079122558593750000e+03 1.349949707031250000e+03 8.165803222656250000e+02 1.886341918945312500e+03 5.971976480682367310e+02 4.551796667989755352e-01
7.371085937500000000e+03 1.534079589843750000e+03 7.914777343750000000e+03 1.835887451171875000e+03 6.218426894235866484e+02 1.064039307837639559e+00
3.217035644531250000e+03 2.749384277343750000e+03 3.165789550781250000e+03 2.954702148437500000e+03 2.116166116237180859e+02 2.445964403661192721e-01
9.563756103515625000e+02 2.914795410156250000e+03 1.079502197265625000e+03 3.233206298828125000e+03 3.413878299382087675e+02 3.689806105313006568e-01
6.311865234375000000e+02 3.386318359375000000e+03 2.731522216796875000e+02 3.687635253906250000e+03 4.679534508529248455e+02 8.712069598529044168e-01
9.682000976562500000e+03 4.600748046875000000e+03 9.361809570312500000e+03 5.010278320312500000e+03 5.198438049050369045e+02 6.635757191591387105e-01
9.626887695312500000e+03 5.490222656250000000e+03 9.285975585937500000e+03 6.131744628906250000e+03 7.264788418937459937e+02 4.884598414422556822e-01
7.464441406250000000e+03 6.082000000000000000e+03 6.604893066406250000e+03 6.170990722656250000e+03 8.641427528175123598e+02 1.467631922847669967e+00
1.678834472656250000e+03 8.575548828125000000e+03 1.812521972656250000e+03 9.532949218750000000e+03 9.666891204648744633e+02 1.387388584674202341e-01
