# Fibre lengths: [x0, y0, x1, y1, length01, angle01]
8.162000976562500000e+03 1.004748168945312500e+03 7.639809570312500000e+03 1.697278686523437500e+03 8.673421369554106377e+02 6.460777355138491718e-01
8.998648437500000000e+03 2.560087890625000000e+03 8.831085937500000000e+03 2.604981445312500000e+03 1.734722532819861556e+02 1.309023008515968201e+00
9.857046875000000000e+03 2.698121093750000000e+03 9.739365234375000000e+03 3.444822509765625000e+03 7.559179672556613241e+02 1.563162531954583878e-01
2.927623535156250000e+03 3.605237548828125000e+03 2.993738525390625000e+03 3.745176269531250000e+03 1.547709193799620948e+02 4.413712111252406922e-01
4.513834472656250000e+03 3.817548828125000000e+03 4.537000000000000000e+03 4.507441406250000000e+03 6.902813998718734183e+02 3.356584414436844521e-02
9.356184570312500000e+03 4.517315429687500000e+03 8.737654296875000000e+03 5.074637695312500000e+03 8.325790094159542605e+02 8.374053766350005867e-01
7.169686523437500000e+03 6.786013671875000000e+03 8.009205078125000000e+03 7.027006835937500000e+03 8.734237853352998400e+02 1.291251894601418870e+00
3.770803710937500000e+03 7.747588867187500000e+03 4.079558105468750000e+03 8.352333984375000000e+03 6.790036324678108031e+02 4.720542721646776019e-01
1.385839233398437500e+03 8.809068359375000000e+03 1.515999877929687500e+03 9.743441406250000000e+03 9.433953487861074336e+02 1.384119345722661099e-01
1.212169799804687500e+03 9.167253906250000000e+03 1.472691894531250000e+03 9.778697265625000000e+03 6.646312839195138622e+02 4.027827195872102917e-01
