# Fibre lengths: [x0, y0, x1, y1, length01, angle01]
8.929205078125000000e+03 1.071993164062500000e+03 8.311187500000000000e+03 1.260994140625000000e+03 6.462716890078577308e+02 1.274010387736873140e+00
3.873929443359375000e+02 4.896009765625000000e+03 1.310441650390625000e+03 5.025000000000000000e+03 9.320179152319714149e+02 1.431951774774899988e+00
8.181975585937500000e+03 5.188255371093750000e+03 8.527887695312500000e+03 5.838777343750000000e+03 7.367727087242311654e+02 4.887202822394389190e-01
2.227000000000000000e+03 5.332558593750000000e+03 2.214834716796875000e+03 5.454451171875000000e+03 1.224981416894618178e+02 9.947390971571533347e-02
6.205392578125000000e+03 8.187009765625000000e+03 6.466441406250000000e+03 8.200000000000000000e+03 2.613718363836341609e+02 1.521075636173091272e+00
1.087197753906250000e+03 8.240747070312500000e+03 1.458638427734375000e+03 9.158197265625000000e+03 9.897893892403757263e+02 3.846906725474916189e-01
7.111738769531250000e+03 8.479824218750000000e+03 6.765123535156250000e+03 9.220262695312500000e+03 8.175519911755044404e+02 4.378212269657812405e-01
2.111005126953125000e+03 8.733304687500000000e+03 1.824885131835937500e+03 9.667226562500000000e+03 9.767674852334996558e+02 2.972850067188869683e-01
4.980392578125000000e+03 9.428009765625000000e+03 5.306441406250000000e+03 9.438000000000000000e+03 3.262018441158069777e+02 1.540165608624546767e+00
3.964778320312500000e+03 9.705769531250000000e+03 3.709062011718750000e+03 9.750181640625000000e+03 2.595443429164869258e+02 1.398834376845809357e+00
