# Fibre lengths: [x0, y0, x1, y1, length01, angle01]
2.839944458007812500e+02 2.862949829101562500e+02 8.337545776367187500e+01 8.672043457031250000e+02 6.145760051788280407e+02 3.325292723776922532e-01
9.962770507812500000e+03 4.323542785644531250e+02 9.674654296875000000e+03 7.201378784179687500e+02 4.072227294118421241e+02 7.859757135906756398e-01
9.171550781250000000e+03 2.280783203125000000e+03 8.703313476562500000e+03 3.029219238281250000e+03 8.828378516021060705e+02 5.590457562911221867e-01
1.262006835937500000e+03 2.364794921875000000e+03 1.118884887695312500e+03 2.862226074218750000e+03 5.176114791913626050e+02 2.801549772008185002e-01
1.343540649414062500e+03 2.959248046875000000e+03 1.003809570312500000e+03 3.393278808593750000e+03 5.511804679283096675e+02 6.641245029198344918e-01
2.930288085937500000e+03 4.220290039062500000e+03 3.105307861328125000e+03 4.254416992187500000e+03 1.783159294829846999e+02 1.378223524530145516e+00
9.002416015625000000e+03 5.484051757812500000e+03 9.606167968750000000e+03 5.791886718750000000e+03 6.777011023140248653e+02 1.099283993089414269e+00
3.429050292968750000e+03 6.509876953125000000e+03 3.161631103515625000e+03 6.641194335937500000e+03 2.979215969286064478e+02 1.114330734133838874e+00
6.903671386718750000e+03 8.516496093750000000e+03 7.115206542968750000e+03 8.593501953125000000e+03 2.251155807752857072e+02 1.221674712361904724e+00
9.429085937500000000e+03 8.770080078125000000e+03 9.613777343750000000e+03 8.868887695312500000e+03 2.094608812090555716e+02 1.079551940314328551e+00
