# Fibre lengths: [x0, y0, x1, y1, length01, angle01]
9.437074218750000000e+03 6.768266601562500000e+02 9.372806640625000000e+03 9.771733398437500000e+02 3.071456488335114159e+02 2.107990980207206377e-01
5.085684082031250000e+03 2.331320800781250000e+03 4.397152343750000000e+03 2.909635253906250000e+03 8.991793821667996554e+02 8.721809594738257898e-01
7.121834472656250000e+03 2.487548828125000000e+03 7.130000000000000000e+03 2.650941650390625000e+03 1.635967304218750371e+02 4.993328130229160444e-02
9.407123046875000000e+03 2.560237548828125000e+03 9.649738281250000000e+03 3.103676269531250000e+03 5.951367868904469560e+02 4.198932485666345138e-01
2.702441650390625000e+03 2.772000000000000000e+03 2.434393066406250000e+03 2.779990478515625000e+03 2.681676548783190128e+02 1.540995337691997369e+00
8.210064453125000000e+03 3.411502929687500000e+03 8.484251953125000000e+03 3.626000976562500000e+03 3.481209520690182444e+02 9.069389973979757880e-01
5.513872070312500000e+03 5.433286132812500000e+03 5.681994140625000000e+03 5.920705078125000000e+03 5.155989320932609417e+02 3.321448591924365812e-01
4.350216796875000000e+03 5.763448730468750000e+03 3.693647949218750000e+03 6.158548828125000000e+03 7.662811095679145410e+02 1.029080104355973191e+00
2.559999389648437500e+02 6.690558105468750000e+03 2.479999847412109375e+02 7.227441406250000000e+03 5.369429000604723115e+02 1.489962941555518158e-02
5.121777343750000000e+03 7.293112304687500000e+03 4.932085937500000000e+03 7.397919921875000000e+03 2.167197873421439169e+02 1.066023174663089490e+00
