# Fibre lengths: [x0, y0, x1, y1, length01, angle01]
3.688000000000000000e+03 1.675582580566406250e+02 3.583834472656250000e+03 9.164510498046875000e+02 7.561024207202256093e+02 1.382059811529616211e-01
6.803157226562500000e+03 1.176271972656250000e+03 7.139679199218750000e+03 1.575684082031250000e+03 5.222806440945718123e+02 7.001490698163439497e-01
1.963121459960937500e+03 4.016979248046875000e+03 2.605241699218750000e+03 4.466531250000000000e+03 7.838465437345328155e+02 9.599994656647349300e-01
1.257441650390625000e+03 5.123000000000000000e+03 8.433930053710937500e+02 5.164990722656250000e+03 4.161724417013984407e+02 1.469726930804326370e+00
3.374283203125000000e+03 5.533270507812500000e+03 3.432532714843750000e+03 5.622698242187500000e+03 1.067254669276192516e+02 5.773296114886362629e-01
4.598892578125000000e+03 6.569009765625000000e+03 5.126941406250000000e+03 6.614000000000000000e+03 5.299619666290244595e+02 1.485800698674015541e+00
8.501520507812500000e+03 7.282065429687500000e+03 8.336479492187500000e+03 7.446934570312500000e+03 2.332817403247787809e+02 7.859191385211118375e-01
3.978345947265625000e+02 7.286548828125000000e+03 4.360000000000000000e+02 7.565441406250000000e+03 2.814918618590863844e+02 1.360014929354946278e-01
8.297175781250000000e+03 8.490261718750000000e+03 7.910686035156250000e+03 8.670652343750000000e+03 4.265150658810330810e+02 1.134108097941255888e+00
6.630176757812500000e+03 9.264261718750000000e+03 6.310631835937500000e+03 9.421194335937500000e+03 3.560011284159339198e+02 1.114283681188259489e+00
