# Fibre lengths: [x0, y0, x1, y1, length01, angle01]
4.283615722656250000e+03 9.259645385742187500e+02 3.725708496093750000e+03 1.055074584960937500e+03 5.726516196856875922e+02 1.343381137606820985e+00
9.301283203125000000e+03 1.288270263671875000e+03 9.567550781250000000e+03 1.713216674804687500e+03 5.014756978111803392e+02 5.597425558443160920e-01
3.985216552734375000e+03 2.558448730468750000e+03 3.219647949218750000e+03 3.037548583984375000e+03 9.031234446782773375e+02 1.011615346895887724e+00
7.745747680664062500e+02 4.924326660156250000e+03 7.507896728515625000e+02 5.025702148437500000e+03 1.041283841161526880e+02 2.304553527763600618e-01
8.470216796875000000e+03 5.048448730468750000e+03 7.717648437500000000e+03 5.519548828125000000e+03 8.878594694793243889e+02 1.011485580019394925e+00
6.440184570312500000e+03 5.255815429687500000e+03 5.996654296875000000e+03 5.730230468750000000e+03 6.494526408786224465e+02 7.517653107295327874e-01
7.473313476562500000e+03 6.593780273437500000e+03 7.802533203125000000e+03 7.119699218750000000e+03 6.204646367009964933e+02 5.593105343847515343e-01
2.676230224609375000e+03 7.122221679687500000e+03 2.518971191406250000e+03 8.013291992187500000e+03 9.048407071649844511e+02 1.746845311012826807e-01
2.088514404296875000e+03 8.672746093750000000e+03 1.556809570312500000e+03 9.352278320312500000e+03 8.628291125242243425e+02 6.639521587304639816e-01
9.319230468750000000e+03 9.497221679687500000e+03 9.237570312500000000e+03 9.960822265625000000e+03 4.707375961195023706e+02 1.743548176352313628e-01
