# Fibre lengths: [x0, y0, x1, y1, length01, angle01]
4.365085937500000000e+03 7.307981872558593750e+01 4.639777343750000000e+03 2.248875579833984375e+02 3.138486233300546360e+02 1.065922144514601433e+00
7.588685546875000000e+03 5.283477783203125000e+02 7.994050292968750000e+03 7.181226806640625000e+02 4.475880817618251513e+02 1.132944921348659317e+00
7.004307617187500000e+03 1.336583374023437500e+03 6.033571289062500000e+03 1.524864257812500000e+03 9.888269362947179388e+02 1.379218259268991664e+00
5.689157226562500000e+03 2.937271972656250000e+03 5.859679199218750000e+03 3.139684082031250000e+03 2.646665924899019728e+02 7.000942226059179152e-01
7.834510742187500000e+03 4.609731445312500000e+03 7.723859863281250000e+03 4.793234375000000000e+03 2.142823889325046025e+02 5.426169175876950357e-01
1.009654541015625000e+03 5.488769531250000000e+03 1.182770751953125000e+03 5.661770507812500000e+03 2.447418239307202441e+02 7.857310979493976610e-01
8.616000976562500000e+03 7.123748046875000000e+03 8.210810546875000000e+03 7.642278320312500000e+03 6.580675715923930511e+02 6.633091537946403937e-01
2.150198242187500000e+03 8.394747070312500000e+03 2.517691894531250000e+03 9.301697265625000000e+03 9.785756185856721459e+02 3.849786512001595051e-01
2.031165283203125000e+03 9.538388671875000000e+03 2.215697021484375000e+03 9.617692382812500000e+03 2.008507928825731597e+02 1.164903803138992666e+00
3.681540832519531250e+02 9.771927734375000000e+03 7.396156616210937500e+02 9.858035156250000000e+03 3.813111489406682040e+02 1.343012334322495338e+00
