# Fibre lengths: [x0, y0, x1, y1, length01, angle01]
9.158185546875000000e+03 1.138477630615234375e+02 9.477675781250000000e+03 2.567385864257812500e+02 3.499882816076960808e+02 1.150234742908163854e+00
5.582551757812500000e+03 1.498783325195312500e+03 5.110816406250000000e+03 2.253238769531250000e+03 8.897961898108646892e+02 5.587905864341284889e-01
8.602175781250000000e+03 2.766261474609375000e+03 8.453685546875000000e+03 2.835652343750000000e+03 1.639037596421563876e+02 1.133641577936094436e+00
7.612709960937500000e+03 3.754813964843750000e+03 7.477152343750000000e+03 3.869635009765625000e+03 1.776506119733451214e+02 8.680304194140774365e-01
7.828074707031250000e+03 4.709826660156250000e+03 7.722369140625000000e+03 5.207113769531250000e+03 5.083976159658986376e+02 2.094470681670684287e-01
3.372024902343750000e+03 5.025264160156250000e+03 3.299310791015625000e+03 5.128757812500000000e+03 1.264842996647724078e+02 6.124653793516177114e-01
1.313671142578125000e+03 5.692496093750000000e+03 1.449206298828125000e+03 5.744501953125000000e+03 1.451702035165763220e+02 1.204413600720109834e+00
2.055671142578125000e+03 5.809996093750000000e+03 2.383206054687500000e+03 5.935501953125000000e+03 3.507575222115033853e+02 1.204870759588561935e+00
2.730747680664062500e+02 6.859826660156250000e+03 2.408069610595703125e+02 7.011173339843750000e+03 1.547482756655502669e+02 2.100594456597847104e-01
5.099654296875000000e+03 8.901769531250000000e+03 5.508184570312500000e+03 9.324184570312500000e+03 5.876490870758601659e+02 7.686901161003185656e-01
