# Fibre lengths: [x0, y0, x1, y1, length01, angle01]
6.926510742187500000e+03 4.662684936523437500e+02 6.776832031250000000e+03 6.797402343750000000e+02 2.607180480808198126e+02 6.115067808850034314e-01
4.842004882812500000e+03 2.406304199218750000e+03 4.709884765625000000e+03 2.836226074218750000e+03 4.497649874869700852e+02 2.981514058494217356e-01
3.481960449218750000e+03 3.634257324218750000e+03 3.557911132812500000e+03 3.765267578125000000e+03 1.514337907038518836e+02 5.253823578212869494e-01
8.208230468750000000e+03 4.805221679687500000e+03 8.172570312500000000e+03 5.007822265625000000e+03 2.057149585372749243e+02 1.742275308076215445e-01
6.547206054687500000e+03 6.484498046875000000e+03 6.179670898437500000e+03 6.626003906250000000e+03 3.938349899604772304e+02 1.203276053219963782e+00
2.182893066406250000e+03 7.962009765625000000e+03 3.056941650390625000e+03 8.037500000000000000e+03 8.773025149006946322e+02 1.484641661411073343e+00
3.625810241699218750e+02 7.989978515625000000e+03 8.122518310546875000e+02 8.329000976562500000e+03 5.631519009863279734e+02 9.247817112424218111e-01
4.943206542968750000e+03 8.151998046875000000e+03 4.797671386718750000e+03 8.205503906250000000e+03 1.550592102784261783e+02 1.218485863542734471e+00
8.925187500000000000e+03 9.271005859375000000e+03 9.642205078125000000e+03 9.490006835937500000e+03 7.497170366715492946e+02 1.274362424854406983e+00
1.294624267578125000e+03 9.627962890625000000e+03 1.541728515625000000e+03 9.808034179687500000e+03 3.057550957015139375e+02 9.410501815442643414e-01
