# Fibre lengths: [x0, y0, x1, y1, length01, angle01]
2.666809570312500000e+03 2.006721313476562500e+03 2.912514404296875000e+03 2.320253417968750000e+03 3.983381051199963281e+02 6.647022869991849880e-01
9.686000000000000000e+03 2.927558349609375000e+03 9.578833984375000000e+03 3.803451171875000000e+03 8.824243825968203510e+02 1.217455132622679154e-01
2.786558349609375000e+03 3.702000000000000000e+03 3.071441650390625000e+03 3.702000000000000000e+03 2.848833007812500000e+02 1.570796326794896558e+00
8.517550781250000000e+03 3.711783203125000000e+03 8.385283203125000000e+03 3.914729980468750000e+03 2.422438991125816017e+02 5.775941456226418858e-01
3.592441650390625000e+03 4.034000000000000000e+03 2.787393066406250000e+03 4.131990234375000000e+03 8.109903258412609830e+02 1.449672505565391845e+00
9.741651611328125000e+02 5.294388671875000000e+03 1.736697021484375000e+03 5.618691894531250000e+03 8.286298439450778233e+02 1.168673356041739053e+00
2.576000976562500000e+03 7.981748046875000000e+03 2.412809570312500000e+03 8.197278320312500000e+03 2.703418832550665911e+02 6.480692697376944089e-01
7.033085937500000000e+03 8.511018554687500000e+03 7.615180664062500000e+03 8.666933593750000000e+03 6.026141137558367973e+02 1.309087939769883357e+00
1.017095092773437500e+03 9.620464843750000000e+03 1.301736083984375000e+03 9.813025390625000000e+03 3.436568900667409707e+02 9.760146830549749630e-01
6.285061523437500000e+03 9.743818359375000000e+03 7.088778320312500000e+03 9.885230468750000000e+03 8.160625431037115050e+02 1.396631284504248782e+00
