# Fibre lengths: [x0, y0, x1, y1, length01, angle01]
6.372501953125000000e+03 3.879373550415039062e+01 6.157375976562500000e+03 5.992048950195312500e+02 6.002831444421398146e+02 3.665258111253907880e-01
9.438720703125000000e+02 2.151286132812500000e+03 1.219994506835937500e+03 2.952705078125000000e+03 8.476531872513897952e+02 3.318041526298159960e-01
2.183941650390625000e+03 3.320000000000000000e+03 1.243892944335937500e+03 3.384990478515625000e+03 9.422925936527263957e+02 1.501770935360007053e+00
3.425000976562500000e+03 3.524748046875000000e+03 3.214809570312500000e+03 3.793278808593750000e+03 3.410120192172185511e+02 6.641313698941154753e-01
4.226834472656250000e+03 3.939548828125000000e+03 4.300000000000000000e+03 4.544441406250000000e+03 6.093014241425980799e+02 1.203714773835832252e-01
6.839050292968750000e+03 4.276876953125000000e+03 6.472631347656250000e+03 4.456194335937500000e+03 4.079430931669876372e+02 1.115682342450038833e+00
6.050000976562500000e+03 4.552748046875000000e+03 5.753809570312500000e+03 4.945278320312500000e+03 4.917411562003642871e+02 6.464192354458292433e-01
8.505123046875000000e+03 4.823737304687500000e+03 8.884123046875000000e+03 5.599050781250000000e+03 8.629901430140614593e+02 4.546754022481849233e-01
7.152154296875000000e+03 7.724928710937500000e+03 7.696615234375000000e+03 7.861035156250000000e+03 5.612153569878353210e+02 1.325832856842919405e+00
7.523135986328125000e+02 8.592781250000000000e+03 1.034551269531250000e+03 9.061216796875000000e+03 5.468911815436915731e+02 5.422639369929241893e-01
