# Fibre lengths: [x0, y0, x1, y1, length01, angle01]
2.128737304687500000e+03 1.657460327148437500e+02 2.800307861328125000e+03 2.964166870117187500e+02 6.841650622773515806e+02 1.378622781327501379e+00
2.167154296875000000e+03 9.337692871093750000e+02 2.507681884765625000e+03 1.324681640625000000e+03 5.184317758835122731e+02 7.166224566153673869e-01
3.889375976562500000e+03 1.773795043945312500e+03 3.951501953125000000e+03 1.943706298828125000e+03 1.809128837305302966e+02 3.505375536731593078e-01
2.303197998046875000e+03 2.161747070312500000e+03 2.526692138671875000e+03 2.711697021484375000e+03 5.936283177946070282e+02 3.860027999143193500e-01
1.813796752929687500e+03 3.688752441406250000e+03 1.967000976562500000e+03 3.892251953125000000e+03 2.547225655663480666e+02 6.453214113253041839e-01
1.695887451171875000e+03 6.053222656250000000e+03 1.330975341796875000e+03 6.710744140625000000e+03 7.519942486370592860e+02 5.066595576304653292e-01
3.326886718750000000e+03 7.265833007812500000e+03 3.035804199218750000e+03 7.836411132812500000e+03 6.405376100629658822e+02 4.717375040196696290e-01
7.630968750000000000e+03 8.453789062500000000e+03 7.469361816406250000e+03 8.722238281250000000e+03 3.133397262286734986e+02 5.418901687992391247e-01
4.521638183593750000e+03 8.453802734375000000e+03 4.169198242187500000e+03 9.325252929687500000e+03 9.400209333885258047e+02 3.843188472830416647e-01
8.004168701171875000e+02 8.569692382812500000e+03 6.279709472656250000e+02 9.455291992187500000e+03 9.022329324699246627e+02 1.923156601169964119e-01
