# Fibre lengths: [x0, y0, x1, y1, length01, angle01]
6.119654296875000000e+03 2.461769042968750000e+03 6.340934570312500000e+03 2.689520751953125000e+03 3.175465325867662614e+02 7.709871908911901661e-01
2.590872070312500000e+03 3.007286621093750000e+03 2.738994628906250000e+03 3.437705078125000000e+03 4.551926411065109619e+02 3.314413949961852457e-01
1.925094848632812500e+03 3.856465332031250000e+03 2.088731445312500000e+03 3.967510498046875000e+03 1.977573378369268653e+02 9.745718837120644906e-01
5.042533203125000000e+03 5.163301757812500000e+03 4.915283203125000000e+03 5.358729980468750000e+03 2.332053873961337729e+02 5.771721381529053563e-01
5.083000000000000000e+03 5.214558105468750000e+03 5.078000000000000000e+03 5.559441406250000000e+03 3.449195430209343272e+02 1.449664199277117017e-02
9.342184570312500000e+03 5.954815429687500000e+03 9.034154296875000000e+03 6.295230468750000000e+03 4.590915466156008620e+02 7.354974542543435412e-01
4.997647949218750000e+03 6.764451171875000000e+03 5.603698730468750000e+03 7.143533203125000000e+03 7.148431547342125896e+02 1.011840782351420609e+00
1.936648193359375000e+03 7.013451171875000000e+03 2.455216796875000000e+03 7.325551269531250000e+03 6.052436430968823515e+02 1.029018231997965493e+00
2.549999389648437500e+02 8.358558593750000000e+03 2.420000305175781250e+02 9.171441406250000000e+03 8.129867554133630847e+02 1.599098929401756089e-02
3.748035400390625000e+03 9.357384765625000000e+03 3.682789550781250000e+03 9.618702148437500000e+03 2.693395541899181467e+02 2.446779159506548007e-01
