# Fibre lengths: [x0, y0, x1, y1, length01, angle01]
3.757893066406250000e+03 1.950096435546875000e+02 3.870941650390625000e+03 2.039999694824218750e+02 1.134055038398012698e+02 1.491437131432151952e+00
1.272796752929687500e+03 2.243752441406250000e+03 1.788017089843750000e+03 2.952216796875000000e+03 8.759987092111446145e+02 6.287718515973895750e-01
2.182692138671875000e+03 2.861302978515625000e+03 1.851198120117187500e+03 3.640252929687500000e+03 8.465526036627622943e+02 4.023493086313715827e-01
6.417416503906250000e+03 3.151052246093750000e+03 7.204777343750000000e+03 3.569887451171875000e+03 8.918295919806038228e+02 1.081917988374941908e+00
3.191994384765625000e+03 3.790294921875000000e+03 3.127375976562500000e+03 3.967205078125000000e+03 1.883420878696663010e+02 3.502052898512035273e-01
1.719122680664062500e+03 5.519949707031250000e+03 1.420123535156250000e+03 6.131262695312500000e+03 6.805174932768104554e+02 4.548975185471339500e-01
6.109684570312500000e+03 6.357815429687500000e+03 5.679156738281250000e+03 6.851728027343750000e+03 6.552128419659316023e+02 7.169397598556097595e-01
2.174184570312500000e+03 6.939815429687500000e+03 1.725479492187500000e+03 7.419934570312500000e+03 6.571534343892991501e+02 7.515897289392243774e-01
7.749749755859375000e+02 7.386255859375000000e+03 8.688863525390625000e+02 7.563166992187500000e+03 2.002920258877870481e+02 4.880135725120489099e-01
1.572685791015625000e+03 8.441347656250000000e+03 1.768050537109375000e+03 8.537123046875000000e+03 2.175782835341035195e+02 1.114988077373796349e+00
