# Fibre lengths: [x0, y0, x1, y1, length01, angle01]
2.803784423828125000e+03 6.180764160156250000e+02 2.948047119140625000e+03 1.533878662109375000e+03 9.270951834677950956e+02 1.562421216968538362e-01
6.861541748046875000e+02 1.596928222656250000e+03 1.432673339843750000e+03 1.769574584960937500e+03 7.662229637564123550e+02 1.343523511975051266e+00
9.516480712890625000e+02 3.044451416015625000e+03 1.278716674804687500e+03 3.249051269531250000e+03 3.857913574255860567e+02 1.011797013860712635e+00
1.138000000000000000e+03 3.976558349609375000e+03 1.131000000000000000e+03 4.444441406250000000e+03 4.679354172226914557e+02 1.495988729876070178e-02
9.757369140625000000e+03 5.426886230468750000e+03 9.887074218750000000e+03 6.033173339843750000e+03 6.200060211689121843e+02 2.107564864426928475e-01
3.702196533203125000e+03 6.082361816406250000e+03 3.496165283203125000e+03 6.166611328125000000e+03 2.225912311871478266e+02 1.182627297186961135e+00
4.755216796875000000e+03 6.232448730468750000e+03 4.661647949218750000e+03 6.289548828125000000e+03 1.096154660806211609e+02 1.022876401845510985e+00
4.002551269531250000e+03 7.083783203125000000e+03 3.928313720703125000e+03 7.202219238281250000e+03 1.397794980658491681e+02 5.599038160964781019e-01
7.976154296875000000e+03 7.446769531250000000e+03 8.400681640625000000e+03 7.933681640625000000e+03 6.459929317317973982e+02 7.170583346066525809e-01
6.525681640625000000e+03 9.234318359375000000e+03 5.985654296875000000e+03 9.720638671875000000e+03 7.267303339945143534e+02 8.376787821421589619e-01
