# Fibre lengths: [x0, y0, x1, y1, length01, angle01]
4.285184570312500000e+03 4.983157348632812500e+02 3.755154541015625000e+03 9.596378173828125000e+02 7.026733919657150409e+02 8.545948181489212425e-01
4.571892578125000000e+03 1.305009643554687500e+03 5.123441406250000000e+03 1.343000000000000000e+03 5.528556565586560509e+02 1.502025540199546150e+00
3.210251953125000000e+03 1.899999023437500000e+03 3.061581054687500000e+03 2.012021240234375000e+03 1.861505119474547882e+02 9.250645783165166725e-01
7.495738281250000000e+03 2.003323730468750000e+03 7.308124023437500000e+03 2.422762451171875000e+03 4.594866158655867707e+02 4.206049818998456868e-01
8.731550781250000000e+03 2.048783203125000000e+03 8.287313476562500000e+03 2.759219238281250000e+03 8.378938733064869666e+02 5.588166881936975638e-01
3.820000000000000000e+03 2.689558349609375000e+03 3.801834472656250000e+03 3.239451171875000000e+03 5.501927865420726675e+02 3.302266002202713241e-02
1.377000000000000000e+03 3.192558105468750000e+03 1.300834716796875000e+03 3.922451171875000000e+03 7.338562793581115784e+02 1.039749787450075791e-01
8.239683593750000000e+03 6.410320800781250000e+03 7.611152343750000000e+03 6.938635253906250000e+03 8.210771544789992049e+02 8.718117812722534499e-01
8.561400146484375000e+02 6.421004882812500000e+03 1.108251953125000000e+03 6.618000976562500000e+03 3.199498249337993343e+02 9.075104755644132215e-01
1.525334716796875000e+03 7.610548828125000000e+03 1.601000000000000000e+03 8.339441406250000000e+03 7.328094060039884425e+02 1.034380569546032580e-01
