# Fibre lengths: [x0, y0, x1, y1, length01, angle01]
1.308647949218750000e+03 1.923451416015625000e+03 1.922215087890625000e+03 2.307011718750000000e+03 7.235904501108879003e+02 1.012102271276636989e+00
6.049920654296875000e+02 2.435113281250000000e+03 5.538345947265625000e+02 2.804451171875000000e+03 3.728640023655616460e+02 1.376355598454304108e-01
2.103834472656250000e+03 2.964548828125000000e+03 2.201000000000000000e+03 3.662441650390625000e+03 7.046243900645706617e+02 1.383377254513124821e-01
5.824185546875000000e+03 4.316347656250000000e+03 6.702676757812500000e+03 4.707738769531250000e+03 9.617347925753603022e+02 1.151668789161883533e+00
4.916928222656250000e+03 6.288223632812500000e+03 5.123933593750000000e+03 7.059180664062500000e+03 7.982643470025919896e+02 2.623173509235793843e-01
9.744441406250000000e+03 6.363000000000000000e+03 9.413892578125000000e+03 6.396990234375000000e+03 3.322918353009568477e+02 1.468326790536423010e+00
9.880681640625000000e+03 6.905318359375000000e+03 9.245156250000000000e+03 7.635728027343750000e+03 9.681894469530632250e+02 7.160448653641477978e-01
1.661970214843750000e+03 8.388708984375000000e+03 1.825416503906250000e+03 9.230308593750000000e+03 8.573240880253248406e+02 1.918212210753307834e-01
5.478581054687500000e+03 8.481978515625000000e+03 6.218251953125000000e+03 9.039000976562500000e+03 9.259519749880158770e+02 9.253346078408024589e-01
2.968654541015625000e+03 8.865861328125000000e+03 3.378184570312500000e+03 9.262184570312500000e+03 5.699008310170385130e+02 8.017852718001223788e-01
