# Fibre lengths: [x0, y0, x1, y1, length01, angle01]
3.272952636718750000e+03 2.489978332519531250e+02 3.440878906250000000e+03 2.750470275878906250e+02 1.699346713423528001e+02 1.416900102905713110e+00
3.846154296875000000e+03 9.599285888671875000e+02 4.022615722656250000e+03 1.001035522460937500e+03 1.811861329634047308e+02 1.341926650884306627e+00
7.714501953125000000e+03 1.349793701171875000e+03 7.503872070312500000e+03 1.927713867187500000e+03 6.151070360686301228e+02 3.494999351632680495e-01
2.379531860351562500e+02 4.500767578125000000e+03 1.895468139648437500e+02 4.749200195312500000e+03 2.531046071086823304e+02 1.924359628944078970e-01
8.400953125000000000e+03 5.384998046875000000e+03 9.096957031250000000e+03 5.494575195312500000e+03 7.045768864892977490e+02 1.414640549180518292e+00
8.283859375000000000e+03 5.381765625000000000e+03 8.521550781250000000e+03 5.776216796875000000e+03 4.605311407480099319e+02 5.423200150423113097e-01
3.687169433593750000e+03 6.109252929687500000e+03 4.006692138671875000e+03 6.860697265625000000e+03 8.165557844219786148e+02 4.020496993734070657e-01
2.977654541015625000e+03 9.166769531250000000e+03 3.438681884765625000e+03 9.695681640625000000e+03 7.016368228141199097e+02 7.169306873137261116e-01
9.258501953125000000e+03 9.443793945312500000e+03 9.182375000000000000e+03 9.641204101562500000e+03 2.115799678200782807e+02 3.680559641168903440e-01
9.519884765625000000e+03 9.625773437500000000e+03 9.618006835937500000e+03 9.965205078125000000e+03 3.533295619386953490e+02 2.814063308631803428e-01
