# Fibre lengths: [x0, y0, x1, y1, length01, angle01]
2.537778320312500000e+03 5.527696533203125000e+02 2.184737304687500000e+03 6.142539062500000000e+02 3.583549526263774965e+02 1.398369583145716355e+00
7.239000000000000000e+03 1.903558471679687500e+03 7.199834472656250000e+03 2.286451171875000000e+03 3.848905797690708255e+02 1.019339959871130991e-01
2.514789306640625000e+03 2.528297607421875000e+03 2.632035644531250000e+03 2.996615722656250000e+03 4.827717481434057163e+02 2.453138703620466321e-01
7.624198242187500000e+03 2.767747070312500000e+03 7.947638671875000000e+03 3.566196533203125000e+03 8.614727252483169195e+02 3.848828660275989688e-01
6.704581054687500000e+03 3.348978515625000000e+03 7.134251953125000000e+03 3.673000976562500000e+03 5.381520567238242165e+02 9.246650481420749523e-01
2.340185791015625000e+03 3.954347656250000000e+03 3.044676269531250000e+03 4.268738281250000000e+03 7.714585532658671809e+02 1.151051368458004154e+00
9.012686523437500000e+03 5.446013671875000000e+03 9.249205078125000000e+03 5.514006835937500000e+03 2.460977388573368501e+02 1.290869624859269926e+00
3.676154296875000000e+03 6.152928222656250000e+03 4.212615234375000000e+03 6.287035156250000000e+03 5.529692641560626498e+02 1.325832226757153842e+00
3.508323364257812500e+02 8.718259765625000000e+03 6.460249023437500000e+02 9.138736328125000000e+03 5.137501246569685236e+02 6.120956918210959108e-01
3.061834472656250000e+03 9.070048828125000000e+03 3.084000000000000000e+03 9.336941406250000000e+03 2.678114240667036370e+02 8.286021337935300934e-02
