# Fibre lengths: [x0, y0, x1, y1, length01, angle01]
2.684375488281250000e+03 2.227954101562500000e+02 2.881501953125000000e+03 7.352062988281250000e+02 5.490207300014225211e+02 3.672509361619297752e-01
8.990570312500000000e+03 8.361779174804687500e+02 9.148230468750000000e+03 1.731778564453125000e+03 9.093718951708452778e+02 1.742530880363513668e-01
6.412358093261718750e+01 3.131237304687500000e+03 3.337385253906250000e+02 3.735676269531250000e+03 6.618449066786558888e+02 4.195710743863692027e-01
2.030216552734375000e+03 3.242448486328125000e+03 1.493166015625000000e+03 3.565535644531250000e+03 6.267444385116148169e+02 1.029204529048589833e+00
5.445208007812500000e+03 6.198425292968750000e+03 5.806615234375000000e+03 6.282035156250000000e+03 3.709525477059128207e+02 1.343450605606867132e+00
2.326184570312500000e+03 6.556815429687500000e+03 1.792654541015625000e+03 7.073137695312500000e+03 7.424573887716771878e+02 8.017873478839511181e-01
9.370675781250000000e+03 8.137261718750000000e+03 9.094185546875000000e+03 8.260652343750000000e+03 3.027740015962946813e+02 1.151044591870329814e+00
8.499550781250000000e+03 8.363783203125000000e+03 8.057313476562500000e+03 9.071218750000000000e+03 8.342894501547979189e+02 5.586908835379750249e-01
6.831479492187500000e+03 8.870065429687500000e+03 7.126520507812500000e+03 9.164934570312500000e+03 4.171294894801343389e+02 7.856895213157949476e-01
2.111893066406250000e+03 9.615009765625000000e+03 2.794941650390625000e+03 9.662000000000000000e+03 6.846630194553209776e+02 1.502109684992691152e+00
