# Fibre lengths: [x0, y0, x1, y1, length01, angle01]
4.068631103515625000e+03 2.870805908203125000e+03 4.539176757812500000e+03 3.100738281250000000e+03 5.237194945317975225e+02 1.116269465900474600e+00
8.889441406250000000e+03 2.943500000000000000e+03 8.787392578125000000e+03 2.954990234375000000e+03 1.026936648858059868e+02 1.458673102016980749e+00
4.201124023437500000e+03 3.255237548828125000e+03 4.562738281250000000e+03 4.064676269531250000e+03 8.865415467008846235e+02 4.201453738867692023e-01
2.605806640625000000e+03 4.257826660156250000e+03 2.749074707031250000e+03 4.929173339843750000e+03 6.864634754881110439e+02 2.102501756267021737e-01
6.676392578125000000e+03 4.312009765625000000e+03 6.804441406250000000e+03 4.315000000000000000e+03 1.280837377882267276e+02 1.547448272447933038e+00
8.968685546875000000e+03 5.575347656250000000e+03 9.392175781250000000e+03 5.773738769531250000e+03 4.676569388344047411e+02 1.132691978582398118e+00
9.760235351562500000e+03 5.931428710937500000e+03 9.353708984375000000e+03 6.018074707031250000e+03 4.156575704323743139e+02 1.360801097481372013e+00
4.383375488281250000e+03 7.178795898437500000e+03 4.473501953125000000e+03 7.411206054687500000e+03 2.492734650807845469e+02 3.699368913624064281e-01
5.027216796875000000e+03 7.879982910156250000e+03 4.760624511718750000e+03 8.074037109375000000e+03 3.297400168909767331e+02 9.415857859115471795e-01
9.499011718750000000e+03 8.416785156250000000e+03 9.268313476562500000e+03 8.785218750000000000e+03 4.347010374406098094e+02 5.594327709225312972e-01
