# Fibre lengths: [x0, y0, x1, y1, length01, angle01]
2.237679199218750000e+03 1.792316162109375000e+03 1.698156860351562500e+03 2.434728027343750000e+03 8.389143929690496861e+02 6.985652400884265756e-01
8.103954101562500000e+03 1.992752441406250000e+03 8.455911132812500000e+03 2.602267578125000000e+03 7.038341095283674349e+02 5.236643617116836236e-01
8.835062500000000000e+03 3.060818115234375000e+03 9.593308593750000000e+03 3.194416503906250000e+03 7.699257549548885891e+02 1.396392405526545755e+00
6.864035156250000000e+03 3.290384277343750000e+03 6.745789062500000000e+03 3.763702392578125000e+03 4.878649166481997668e+02 2.448127485592182795e-01
3.160608886718750000e+03 3.969030273437500000e+03 2.578168945312500000e+03 4.114517089843750000e+03 6.003354887838480636e+02 1.326016704756835640e+00
4.985834472656250000e+03 5.800548828125000000e+03 5.066000000000000000e+03 6.375441894531250000e+03 5.804554673498066677e+02 1.385508244906869801e-01
7.688834472656250000e+03 5.901048828125000000e+03 7.749000000000000000e+03 6.598941406250000000e+03 7.004812212204626576e+02 8.599766785067480823e-02
2.212169433593750000e+03 7.739252929687500000e+03 2.293638183593750000e+03 7.930196777343750000e+03 2.075974715268365287e+02 4.032787126034378389e-01
1.463123535156250000e+03 8.128737304687500000e+03 1.549738525390625000e+03 8.313175781250000000e+03 2.037638539339024533e+02 4.390451221053248143e-01
6.441712646484375000e+02 9.565496093750000000e+03 1.370705078125000000e+03 9.815994140625000000e+03 7.685054675231571082e+02 1.238774814537094260e+00
