# Fibre lengths: [x0, y0, x1, y1, length01, angle01]
5.738691894531250000e+03 6.083029174804687500e+02 5.683169921875000000e+03 7.367469482421875000e+02 1.399305487946028279e+02 4.080087856071138996e-01
3.128580322265625000e+03 9.846579589843750000e+02 3.327738525390625000e+03 1.390176269531250000e+03 4.517843402119760299e+02 4.565185066596519348e-01
3.874166992187500000e+03 4.445113281250000000e+03 3.479085449218750000e+03 4.646919921875000000e+03 4.436387559658377882e+02 1.098548124764926026e+00
2.936928222656250000e+03 4.624223632812500000e+03 3.153912109375000000e+03 5.433648437500000000e+03 8.380038911240047810e+02 2.619136892241573644e-01
9.121501953125000000e+03 5.284793457031250000e+03 9.072375000000000000e+03 5.419205078125000000e+03 1.431081458491995306e+02 3.504127582165518784e-01
2.468206298828125000e+03 5.835498046875000000e+03 2.081671386718750000e+03 5.984503906250000000e+03 4.142607686077508902e+02 1.202859646646522895e+00
8.150000976562500000e+03 7.400748046875000000e+03 7.546335449218750000e+03 8.172768554687500000e+03 9.800141495847282158e+02 6.636247450056784736e-01
6.988928222656250000e+03 8.717223632812500000e+03 7.066933593750000000e+03 9.007181640625000000e+03 3.002673545593451081e+02 2.628009881149144800e-01
2.445061767578125000e+03 8.911818359375000000e+03 3.051778320312500000e+03 9.018230468750000000e+03 6.159776882189164553e+02 1.397172125244952490e+00
2.707654785156250000e+03 9.134861328125000000e+03 3.415184570312500000e+03 9.795184570312500000e+03 9.677939765550626134e+02 8.198958863368507322e-01
