# Fibre lengths: [x0, y0, x1, y1, length01, angle01]
4.632701660156250000e+03 4.883665771484375000e+02 5.319697265625000000e+03 7.806920166015625000e+02 7.466037265409522661e+02 1.168491393879841578e+00
9.757773437500000000e+02 1.775112670898437500e+03 7.160855102539062500e+02 1.918920410156250000e+03 2.968509967222711907e+02 1.065068616906614585e+00
1.543684326171875000e+03 6.397815429687500000e+03 1.230654541015625000e+03 6.744230468750000000e+03 4.668950906613191592e+02 7.348150454834396772e-01
6.739165527343750000e+03 6.931388671875000000e+03 6.861697265625000000e+03 6.983691894531250000e+03 1.332278273727152396e+02 1.167355958811243211e+00
2.277375976562500000e+03 7.522795410156250000e+03 2.388001953125000000e+03 7.825206542968750000e+03 3.220102481899393183e+02 3.506922430029375537e-01
2.978184570312500000e+03 7.594315429687500000e+03 2.646654785156250000e+03 7.893637695312500000e+03 4.466607405454752211e+02 8.364078733462724236e-01
2.473631347656250000e+03 8.160805664062500000e+03 2.779050292968750000e+03 8.310123046875000000e+03 3.399653114154068021e+02 1.116073209685969791e+00
2.020184326171875000e+03 8.442815429687500000e+03 1.800154541015625000e+03 8.677730468750000000e+03 3.218667145475615143e+02 7.526910198798628659e-01
3.708671142578125000e+03 9.175496093750000000e+03 3.874206298828125000e+03 9.239001953125000000e+03 1.772988497697297134e+02 1.204472713868839806e+00
7.593681640625000000e+03 9.223318359375000000e+03 7.163654296875000000e+03 9.610638671875000000e+03 5.787404779759044686e+02 8.376014444063974995e-01
