# Fibre lengths: [x0, y0, x1, y1, length01, angle01]
3.088695800781250000e+03 8.989949951171875000e+02 2.420187011718750000e+03 1.115994018554687500e+03 7.028460551405540855e+02 1.256924807864487459e+00
5.537000000000000000e+03 1.070558349609375000e+03 5.503834960937500000e+03 1.727451293945312500e+03 6.577296254042038299e+02 5.044490584026076196e-02
6.109834472656250000e+03 1.121048828125000000e+03 6.161000000000000000e+03 1.619441650390625000e+03 5.010122917396926709e+02 1.023026492266751603e-01
9.933000000000000000e+03 2.253558349609375000e+03 9.926833984375000000e+03 2.380451171875000000e+03 1.270425444141577316e+02 4.855412061346277286e-02
1.848974975585937500e+03 4.265255859375000000e+03 2.106887695312500000e+03 4.729777343750000000e+03 5.313183419031435051e+02 5.068438647444147849e-01
6.851365234375000000e+03 5.834177734375000000e+03 6.902046875000000000e+03 6.159878906250000000e+03 3.296208155702396425e+02 1.543697790880106113e-01
7.134417114257812500e+02 7.166500000000000000e+03 3.593930358886718750e+02 7.208990234375000000e+03 3.565892380131848540e+02 1.451355168168780407e+00
4.458375000000000000e+03 8.993795898437500000e+03 4.624501953125000000e+03 9.448206054687500000e+03 4.838251281793302496e+02 3.504937328928963702e-01
1.347176513671875000e+03 9.241261718750000000e+03 5.446856689453125000e+02 9.615652343750000000e+03 8.855280322823454071e+02 1.134276721057093873e+00
8.970777343750000000e+03 9.802112304687500000e+03 8.637084960937500000e+03 9.979419921875000000e+03 3.778737850920504115e+02 1.082383993329062211e+00
