# Fibre lengths: [x0, y0, x1, y1, length01, angle01]
2.569206542968750000e+03 1.304981384277343750e+02 2.313670898437500000e+03 2.290041809082031250e+02 2.738647586513556575e+02 1.202862148526883113e+00
5.593671875000000000e+03 6.834965820312500000e+02 5.784206054687500000e+03 7.565020751953125000e+02 2.040418478188151425e+02 1.204889038048578387e+00
6.545892578125000000e+03 2.643009765625000000e+03 6.833941406250000000e+03 2.667000000000000000e+03 2.890461186896534400e+02 1.487702792648632588e+00
7.196735839843750000e+03 2.868975097656250000e+03 6.662121093750000000e+03 3.244020507812500000e+03 6.530482267184825105e+02 9.590478557866273235e-01
7.637146484375000000e+03 3.418437011718750000e+03 8.298216796875000000e+03 3.831551269531250000e+03 7.795366239483686286e+02 1.012256501802208053e+00
9.580625000000000000e+03 5.195962890625000000e+03 9.894724609375000000e+03 5.424519531250000000e+03 3.884542477349333467e+02 9.417490401729187166e-01
8.747000000000000000e+03 5.469058593750000000e+03 8.675833984375000000e+03 6.294951171875000000e+03 8.289530459452435025e+02 8.595628714122188763e-02
3.226184570312500000e+03 8.448815429687500000e+03 2.564654541015625000e+03 9.133230468750000000e+03 9.518644469442315312e+02 7.683968716384118602e-01
2.006267578125000000e+03 8.625088867187500000e+03 1.560092041015625000e+03 8.882925781250000000e+03 5.153178477096560073e+02 1.046798672983497047e+00
5.006000000000000000e+03 9.383058593750000000e+03 4.986834960937500000e+03 9.764451171875000000e+03 3.818737977016770628e+02 5.020793134934069951e-02
