# Fibre lengths: [x0, y0, x1, y1, length01, angle01]
1.995085937500000000e+03 5.670184936523437500e+02 2.796648437500000000e+03 7.819119873046875000e+02 8.298684564558168404e+02 1.308862538682343812e+00
3.625580322265625000e+03 2.435658203125000000e+03 4.064122558593750000e+03 3.333050292968750000e+03 9.988152261343467444e+02 4.545548685151901136e-01
8.173624511718750000e+03 2.798962890625000000e+03 8.601216796875000000e+03 3.110017089843750000e+03 5.287625905609828578e+02 9.418807528004871088e-01
6.299872070312500000e+03 2.924286621093750000e+03 6.587994140625000000e+03 3.760705078125000000e+03 8.846525660753480906e+02 3.317409202617394026e-01
6.814375000000000000e+03 2.953796142578125000e+03 7.095501953125000000e+03 3.724706542968750000e+03 8.205700513690343314e+02 3.496825408983167960e-01
4.463654296875000000e+03 3.601769042968750000e+03 4.917184570312500000e+03 4.070184570312500000e+03 6.519990913958522469e+02 7.692540899774763519e-01
4.516375488281250000e+03 6.825795898437500000e+03 4.859501953125000000e+03 7.718206054687500000e+03 9.561023260375003474e+02 3.670681987621758346e-01
5.378500000000000000e+03 6.924058105468750000e+03 5.294834960937500000e+03 7.888951171875000000e+03 9.685135354553315210e+02 8.649279905003923186e-02
8.696095703125000000e+03 7.557465332031250000e+03 9.231731445312500000e+03 7.919510742187500000e+03 6.465156821949187815e+02 9.764168218929336618e-01
7.933392578125000000e+03 9.206009765625000000e+03 8.688441406250000000e+03 9.311000000000000000e+03 7.623133753037875522e+02 1.432631341752234500e+00
