# Fibre lengths: [x0, y0, x1, y1, length01, angle01]
6.292000000000000000e+03 2.445582885742187500e+02 6.283834960937500000e+03 5.024513549804687500e+02 2.580222888885970178e+02 3.164998822342240253e-02
4.227035156250000000e+03 2.863844604492187500e+02 4.063789550781250000e+03 9.917022094726562500e+02 7.239628821924143267e+02 2.274448475068006903e-01
8.988187500000000000e+03 5.940065307617187500e+02 9.486695312500000000e+03 7.560051269531250000e+02 5.241694232703024454e+02 1.256594261061963369e+00
4.579731445312500000e+03 2.069489257812500000e+03 3.959095214843750000e+03 2.488534667968750000e+03 7.488580548698658959e+02 9.769183195959865174e-01
2.709115234375000000e+03 2.142427001953125000e+03 3.306223876953125000e+03 2.626594482421875000e+03 7.687371983876859076e+02 8.894724993750783293e-01
2.161127441406250000e+03 2.285973632812500000e+03 2.403216796875000000e+03 2.462017089843750000e+03 2.993301768863078678e+02 9.420582072126697515e-01
7.887708007812500000e+03 4.377924804687500000e+03 8.054235351562500000e+03 4.413571289062500000e+03 1.702998181582346433e+02 1.359920868788680570e+00
3.397393066406250000e+03 6.623509765625000000e+03 3.941441650390625000e+03 6.699000000000000000e+03 5.492609918985654076e+02 1.432920266388854058e+00
3.964033691406250000e+03 8.089271484375000000e+03 3.525796875000000000e+03 8.692248046875000000e+03 7.454074336751691590e+02 6.284799204667145256e-01
9.697777343750000000e+03 9.178112304687500000e+03 9.389084960937500000e+03 9.348919921875000000e+03 3.527977172484688708e+02 1.065402914307125304e+00
