# Fibre lengths: [x0, y0, x1, y1, length01, angle01]
4.097123535156250000e+03 3.892374877929687500e+02 4.411738281250000000e+03 1.094676269531250000e+03 7.724158939587048280e+02 4.195096007886812695e-01
7.630061523437500000e+03 5.178182373046875000e+02 8.321308593750000000e+03 6.394165649414062500e+02 7.018608590736921542e+02 1.396666356499428163e+00
3.496000000000000000e+03 1.336558349609375000e+03 3.471834472656250000e+03 2.062451171875000000e+03 7.262949553236314841e+02 3.327847470626792842e-02
9.036763305664062500e+02 1.454261474609375000e+03 7.496856689453125000e+02 1.526652099609375000e+03 1.701573579202287192e+02 1.131355583660947461e+00
5.631501953125000000e+03 1.797793701171875000e+03 5.279375976562500000e+03 2.714205078125000000e+03 9.817344422903868235e+02 3.668506513932267565e-01
7.930705078125000000e+03 3.739005371093750000e+03 6.999168945312500000e+03 4.059996337890625000e+03 9.852891796322844584e+02 1.238955996052244046e+00
4.866238769531250000e+03 5.143247070312500000e+03 5.308114257812500000e+03 5.687750488281250000e+03 7.012402721774074053e+02 6.817260483293757778e-01
8.934415893554687500e+02 7.171000000000000000e+03 6.783929443359375000e+02 7.177490234375000000e+03 2.151465613645237624e+02 1.540625176889982795e+00
1.100695800781250000e+03 8.377995117187500000e+03 2.176870117187500000e+02 8.647986328125000000e+03 9.233632955370926538e+02 1.274061011069347105e+00
6.275948242187500000e+03 9.265017578125000000e+03 7.187441406250000000e+03 9.392000000000000000e+03 9.202957804955469783e+02 1.432374700124072309e+00
