# Fibre lengths: [x0, y0, x1, y1, length01, angle01]
9.315154296875000000e+03 4.672769531250000000e+03 9.388684570312500000e+03 4.753184570312500000e+03 1.089645796542019411e+02 7.407057917541957082e-01
5.054000000000000000e+03 4.766558593750000000e+03 5.036834472656250000e+03 4.896451171875000000e+03 1.310218958073354258e+02 1.313903772286051097e-01
3.113123535156250000e+03 4.942737304687500000e+03 3.241122558593750000e+03 5.216050292968750000e+03 3.018008276399857550e+02 4.379872186123155431e-01
9.338035156250000000e+03 5.475384277343750000e+03 9.254789062500000000e+03 5.809702148437500000e+03 3.445262704893359000e+02 2.440399238091826017e-01
5.215941406250000000e+03 5.980000000000000000e+03 4.510892578125000000e+03 6.040990234375000000e+03 7.076818909153696495e+02 1.484506159176693929e+00
2.233941650390625000e+03 6.079000000000000000e+03 1.979392944335937500e+03 6.095990234375000000e+03 2.551150952378810643e+02 1.504148686612481578e+00
3.325809936523437500e+02 6.594978515625000000e+03 1.111787841796875000e+03 7.204036132812500000e+03 9.889967104340893229e+02 9.073524901891856231e-01
8.152160156250000000e+03 6.780297851562500000e+03 8.194230468750000000e+03 7.021778320312500000e+03 2.451177838949417946e+02 1.724870770328985614e-01
3.241872070312500000e+03 6.811286132812500000e+03 3.454001953125000000e+03 7.426206054687500000e+03 6.504810508391470876e+02 3.321881327635892722e-01
9.609121093750000000e+03 8.789979492187500000e+03 9.757736328125000000e+03 8.894025390625000000e+03 1.814167491440709057e+02 9.600015678409199449e-01
