# Fibre lengths: [x0, y0, x1, y1, length01, angle01]
2.804794921875000000e+02 2.645065673828125000e+03 6.085206298828125000e+02 2.972934326171875000e+03 4.637982764199774124e+02 7.856611345410505765e-01
6.874004882812500000e+03 2.977304199218750000e+03 6.650385253906250000e+03 3.664226074218750000e+03 7.224039041877366571e+02 3.147190243506773344e-01
5.194941406250000000e+03 3.120000000000000000e+03 4.956892578125000000e+03 3.139990478515625000e+03 2.388867175105586682e+02 1.487016518506194540e+00
3.122834472656250000e+03 3.691548828125000000e+03 3.161000000000000000e+03 4.428441406250000000e+03 7.378802607287551609e+02 5.174628893027286708e-02
9.140050781250000000e+03 5.102876953125000000e+03 8.772685546875000000e+03 5.274652343750000000e+03 4.055416134649686342e+02 1.133413277118662466e+00
7.188832519531250000e+03 5.429259765625000000e+03 7.578024902343750000e+03 5.983735839843750000e+03 6.774322310905411086e+02 6.120067922055192344e-01
2.677681640625000000e+03 6.696317871093750000e+03 2.458154296875000000e+03 6.888137695312500000e+03 2.915254699288602751e+02 8.526545625394588157e-01
4.795789062500000000e+03 6.859297851562500000e+03 4.821074707031250000e+03 6.967173339843750000e+03 1.107992995974200170e+02 2.302400348014199960e-01
8.565266113281250000e+02 6.990553222656250000e+03 1.030167114257812500e+03 7.078886718750000000e+03 1.948174293789427907e+02 1.100201197567251654e+00
5.996501953125000000e+03 9.188292968750000000e+03 5.829872558593750000e+03 9.670714843750000000e+03 5.103883037456546390e+02 3.325725883661497240e-01
