# Fibre lengths: [x0, y0, x1, y1, length01, angle01]
5.882941406250000000e+03 2.020000000000000000e+03 4.933392578125000000e+03 2.068990478515625000e+03 9.508117815733830867e+02 1.519248604965235616e+00
7.990697265625000000e+03 3.006308105468750000e+03 7.679165527343750000e+03 3.138611816406250000e+03 3.384616608781130367e+02 1.169190193206055550e+00
8.824994140625000000e+03 3.567294921875000000e+03 8.755375976562500000e+03 3.758205078125000000e+03 2.032077176852114064e+02 3.496787997910515422e-01
5.801698730468750000e+03 5.160466796875000000e+03 5.178647949218750000e+03 5.565548828125000000e+03 7.431579428747709244e+02 9.943093862523826321e-01
2.512615478515625000e+03 7.210964843750000000e+03 2.023154541015625000e+03 7.333071289062500000e+03 5.044620831392915079e+02 1.326315346817786400e+00
9.234283203125000000e+03 7.964270019531250000e+03 9.436050781250000000e+03 8.274216796875000000e+03 3.698339632432425788e+02 5.770602710284298276e-01
6.598885742187500000e+03 8.296773437500000000e+03 6.778006835937500000e+03 8.921205078125000000e+03 6.496146858252401444e+02 2.793536017539798300e-01
7.484000000000000000e+03 8.568058593750000000e+03 7.458334960937500000e+03 8.870951171875000000e+03 3.039779730725384184e+02 8.453122225578374449e-02
5.162520507812500000e+03 8.935065429687500000e+03 4.815479492187500000e+03 9.281934570312500000e+03 4.906685920700014663e+02 7.856458539593129675e-01
3.653686767578125000e+03 9.638013671875000000e+03 3.939205078125000000e+03 9.720006835937500000e+03 2.970582175441739992e+02 1.291148519252545368e+00
