# Fibre lengths: [x0, y0, x1, y1, length01, angle01]
4.625887695312500000e+03 1.048222900390625000e+03 4.299975585937500000e+03 1.660744384765625000e+03 6.938308668964039043e+02 4.889831749456000631e-01
6.489580078125000000e+03 1.217657958984375000e+03 6.837738281250000000e+03 1.963176269531250000e+03 8.228071984152153391e+02 4.369021161553426347e-01
7.720706542968750000e+03 2.222498046875000000e+03 7.072671875000000000e+03 2.458503662109375000e+03 6.896720824504380971e+02 1.221539334713970915e+00
6.292074707031250000e+03 3.651826660156250000e+03 6.197369140625000000e+03 4.096113769531250000e+03 4.542688409577767175e+02 2.100196478775198938e-01
8.934625000000000000e+03 5.276962890625000000e+03 9.395216796875000000e+03 5.612017089843750000e+03 5.695666069588868368e+02 9.418887943869843626e-01
1.935701660156250000e+03 5.529366699218750000e+03 2.203196777343750000e+03 5.637638183593750000e+03 2.885764232364110171e+02 1.186192732276927897e+00
2.789912109375000000e+03 7.082351562500000000e+03 2.693789550781250000e+03 7.465702148437500000e+03 3.952179373576475996e+02 2.456780376807913557e-01
3.391156738281250000e+03 7.350271972656250000e+03 3.609684326171875000e+03 7.592184570312500000e+03 3.260000177516705548e+02 7.346533877076838470e-01
3.450706542968750000e+03 8.771498046875000000e+03 2.821169433593750000e+03 8.987996093750000000e+03 6.657239490816898524e+02 1.239565774050029656e+00
3.133698730468750000e+03 8.810466796875000000e+03 2.834813964843750000e+03 9.006751953125000000e+03 3.575751189425770349e+02 9.897078950579256684e-01
