# Fibre lengths: [x0, y0, x1, y1, length01, angle01]
8.478345336914062500e+02 2.175487823486328125e+02 8.760000000000000000e+02 1.038441650390625000e+03 8.213759153363264431e+02 3.429731552585358473e-02
3.245122558593750000e+03 9.169497070312500000e+02 2.933580322265625000e+03 1.554341918945312500e+03 7.094557046250530448e+02 4.546284380705070127e-01
2.536738281250000000e+03 2.564323730468750000e+03 2.481123535156250000e+03 2.687762451171875000e+03 1.353887652351419604e+02 4.233073771894123039e-01
1.111184326171875000e+03 3.242815917968750000e+03 4.076546020507812500e+02 3.923137695312500000e+03 9.786683776694029575e+02 8.021671385116040387e-01
8.924050781250000000e+03 5.064876953125000000e+03 8.281685546875000000e+03 5.364652343750000000e+03 7.088712006831847248e+02 1.134162841828552981e+00
4.042154296875000000e+03 7.315928222656250000e+03 4.313235351562500000e+03 7.378571289062500000e+03 2.782248946073395928e+02 1.343696642446208234e+00
9.375064453125000000e+03 7.522502929687500000e+03 9.882251953125000000e+03 7.919000976562500000e+03 6.437778043175608218e+02 9.072777554281840073e-01
2.951558349609375000e+03 8.598000000000000000e+03 3.236441650390625000e+03 8.602000000000000000e+03 2.849113810714134161e+02 1.556756412345785767e+00
1.861772705078125000e+03 9.071097656250000000e+03 1.372092041015625000e+03 9.353925781250000000e+03 5.654899654703932583e+02 1.047027770776441047e+00
7.864187011718750000e+03 9.616005859375000000e+03 8.295695312500000000e+03 9.756512695312500000e+03 4.538078718888526168e+02 1.256005640555185154e+00
