# Fibre lengths: [x0, y0, x1, y1, length01, angle01]
3.464695800781250000e+03 1.130994873046875000e+03 3.367187011718750000e+03 1.162994018554687500e+03 1.026250907803022443e+02 1.253702853440110676e+00
3.851085937500000000e+03 2.394018310546875000e+03 4.020181152343750000e+03 2.438933593750000000e+03 1.749587789974281122e+02 1.311170195449439246e+00
5.687006835937500000e+03 3.748794921875000000e+03 5.551885253906250000e+03 4.191226074218750000e+03 4.626047627239113922e+02 2.964099562034813173e-01
7.169441406250000000e+03 3.839000000000000000e+03 6.191393066406250000e+03 3.940990478515625000e+03 9.833517238399298321e+02 1.466892277827955837e+00
4.515912109375000000e+03 4.103351562500000000e+03 4.468928222656250000e+03 4.279776367187500000e+03 1.825738133474317806e+02 2.602704172190720699e-01
4.247085937500000000e+03 6.088080078125000000e+03 4.898166992187500000e+03 6.419886718750000000e+03 7.307545323402621307e+02 1.099479060200510450e+00
8.678154296875000000e+03 6.350362304687500000e+03 9.139681640625000000e+03 6.752681640625000000e+03 6.122649239488749799e+02 8.538310871443521854e-01
9.339654296875000000e+03 6.688769531250000000e+03 9.502770507812500000e+03 6.851770507812500000e+03 2.305996891388530798e+02 7.857515160406727261e-01
2.035676269531250000e+03 8.587261718750000000e+03 1.126185791015625000e+03 8.992652343750000000e+03 9.957482057972644043e+02 1.151495854478557401e+00
8.086510742187500000e+03 8.584268554687500000e+03 7.959311035156250000e+03 8.771757812500000000e+03 2.265656356641887612e+02 5.961072998909063836e-01
