# Fibre lengths: [x0, y0, x1, y1, length01, angle01]
4.416875488281250000e+03 5.107954101562500000e+02 4.650501953125000000e+03 1.118206298828125000e+03 6.507912973853790390e+02 3.671837185187091235e-01
1.233061767578125000e+03 1.660818115234375000e+03 1.680778442382812500e+03 1.739230346679687500e+03 4.545312958844523337e+02 1.397416702487076279e+00
8.518016601562500000e+03 2.335783203125000000e+03 8.450796875000000000e+03 2.427247558593750000e+03 1.135086779081279076e+02 6.337851170023400815e-01
9.252184570312500000e+03 3.436315917968750000e+03 8.539154296875000000e+03 4.078637695312500000e+03 9.596819454842265031e+02 8.375207478517835424e-01
4.161123046875000000e+03 4.648949707031250000e+03 3.917123535156250000e+03 5.148262695312500000e+03 5.557420462636780485e+02 4.545429734309446301e-01
2.521085693359375000e+03 4.690080078125000000e+03 2.941777343750000000e+03 4.922887207031250000e+03 4.808124623779620492e+02 1.065353105860121108e+00
7.478393066406250000e+03 5.849009765625000000e+03 7.604441406250000000e+03 5.861000000000000000e+03 1.266173356919696289e+02 1.475957596231882718e+00
8.603251953125000000e+03 7.911999023437500000e+03 8.205581054687500000e+03 8.223021484375000000e+03 5.048535576498467776e+02 9.070593956536966429e-01
3.844870605468750000e+03 8.368285156250000000e+03 4.037004882812500000e+03 8.958695312500000000e+03 6.208862481433732228e+02 3.146163290310207139e-01
3.823701660156250000e+03 8.453367187500000000e+03 4.221196289062500000e+03 8.614638671875000000e+03 4.289644177339575890e+02 1.185368740594655579e+00
