# Fibre lengths: [x0, y0, x1, y1, length01, angle01]
8.492000976562500000e+03 8.667481689453125000e+02 8.098809570312500000e+03 1.369278564453125000e+03 6.380723159314239865e+02 6.639310728767980896e-01
7.916146484375000000e+03 1.360437011718750000e+03 8.636699218750000000e+03 1.828532958984375000e+03 8.592497069314554210e+02 9.946780599432747394e-01
3.024122558593750000e+03 1.970949707031250000e+03 2.682123535156250000e+03 2.702262695312500000e+03 8.073301795802354945e+02 4.374349032490067457e-01
5.717375976562500000e+03 2.321794921875000000e+03 5.994501953125000000e+03 3.042206298828125000e+03 7.718752223832663049e+02 3.672278577924122933e-01
7.344624511718750000e+03 2.750962890625000000e+03 7.602234375000000000e+03 2.938539794921875000e+03 3.186658699725832093e+02 9.414308533729962569e-01
2.603393066406250000e+03 2.900009765625000000e+03 3.356441650390625000e+03 3.005000000000000000e+03 7.603322426117346140e+02 1.432269019527586673e+00
3.248580566406250000e+03 5.999658203125000000e+03 3.507238281250000000e+03 6.527676757812500000e+03 5.879688831413335492e+02 4.555066409596799648e-01
7.951236572265625000e+02 6.044737304687500000e+03 8.817384033203125000e+02 6.229176757812500000e+03 2.037646341000661891e+02 4.390420003738436106e-01
4.452208496093750000e+03 8.496425781250000000e+03 5.268615722656250000e+03 8.700035156250000000e+03 8.414140105627928961e+02 1.326385432783659724e+00
9.765994140625000000e+03 8.851294921875000000e+03 9.479873046875000000e+03 9.679714843750000000e+03 8.764387298882206778e+02 3.325546249339309535e-01
