# Fibre lengths: [x0, y0, x1, y1, length01, angle01]
2.995975341796875000e+02 1.083068603515625000e+03 5.382678222656250000e+02 1.220911132812500000e+03 2.756158001602669856e+02 1.047052464992748844e+00
3.659283203125000000e+03 1.809270263671875000e+03 4.031532714843750000e+03 2.381698730468750000e+03 6.828206562299275220e+02 5.765852037219955095e-01
1.314094848632812500e+03 3.822465332031250000e+03 2.013731567382812500e+03 4.294510742187500000e+03 8.439895778224093874e+02 9.772522789648765418e-01
2.614416503906250000e+03 4.243052246093750000e+03 3.319166992187500000e+03 4.601886718750000000e+03 7.908447568892072468e+02 1.099843414251299833e+00
2.101184570312500000e+03 4.736315429687500000e+03 1.625654541015625000e+03 5.164637695312500000e+03 6.399912280595882521e+02 8.375802596279099399e-01
4.038085693359375000e+03 5.089080078125000000e+03 4.522777343750000000e+03 5.357887695312500000e+03 5.542414013914959696e+02 1.064432050137454677e+00
7.858000000000000000e+03 5.776558593750000000e+03 7.805834472656250000e+03 6.280451171875000000e+03 5.065856023738838303e+02 1.031576143190951061e-01
3.696638183593750000e+03 7.920803710937500000e+03 3.581197998046875000e+03 8.206252929687500000e+03 3.079085788413214573e+02 3.843073295829859681e-01
3.591057373046875000e+03 9.225570312500000000e+03 4.577878906250000000e+03 9.381046875000000000e+03 9.989943442683660351e+02 1.414528020739346470e+00
5.075583496093750000e+02 9.973000000000000000e+03 7.214415893554687500e+02 9.973000000000000000e+03 2.138832397460937500e+02 1.570796326794896558e+00
