# Fibre lengths: [x0, y0, x1, y1, length01, angle01]
7.510856933593750000e+02 1.240798263549804688e+02 9.397771606445312500e+02 2.238875732421875000e+02 2.134620719587580027e+02 1.084260343755778511e+00
8.197684570312500000e+03 3.116815917968750000e+03 7.773154296875000000e+03 3.586230712890625000e+03 6.329108963799442336e+02 7.352308072863961153e-01
1.975885253906250000e+03 3.946773925781250000e+03 2.127007080078125000e+03 4.472205078125000000e+03 5.467318375573197500e+02 2.800559433457202596e-01
4.453654296875000000e+03 4.221769531250000000e+03 4.762184570312500000e+03 4.551184570312500000e+03 4.513371218811576000e+02 7.526723028136900195e-01
2.102766601562500000e+03 4.242295898437500000e+03 2.611611328125000000e+03 4.869721191406250000e+03 8.078276140411313690e+02 6.814150674047486644e-01
4.179306640625000000e+03 4.978327148437500000e+03 4.384969726562500000e+03 5.801608886718750000e+03 8.485812427250157270e+02 2.447987739316183908e-01
2.360721191406250000e+03 5.109388183593750000e+03 1.776632080078125000e+03 5.583110351562500000e+03 7.520457315862456653e+02 8.893572177089876796e-01
7.077085937500000000e+03 6.904080078125000000e+03 7.456166992187500000e+03 7.105886718750000000e+03 4.294512384699050358e+02 1.081599044188963799e+00
1.746206298828125000e+03 7.016498046875000000e+03 1.016671142578125000e+03 7.297004394531250000e+03 7.816043470197442957e+02 1.203722916698064527e+00
6.586952148437500000e+03 8.895998046875000000e+03 7.114878906250000000e+03 8.979046875000000000e+03 5.344190953431153730e+02 1.414763776464818434e+00
