# Fibre lengths: [x0, y0, x1, y1, length01, angle01]
5.230887695312500000e+03 1.722269439697265625e+01 4.976975585937500000e+03 4.747442626953125000e+02 5.232564808441787818e+02 5.066532206422909024e-01
9.539731445312500000e+03 1.042489501953125000e+03 9.250121093750000000e+03 1.238020629882812500e+03 3.494375161908215546e+02 9.769419606833004144e-01
6.700686523437500000e+03 2.411013671875000000e+03 7.041205078125000000e+03 2.509007080078125000e+03 3.543382482003999030e+02 1.290590670633515069e+00
8.645205078125000000e+03 4.031993164062500000e+03 7.797687011718750000e+03 4.290985839843750000e+03 8.862076951783484446e+02 1.274219414276878792e+00
3.897870605468750000e+03 4.462286132812500000e+03 4.064005126953125000e+03 4.972695800781250000e+03 5.367669032129419975e+02 3.146772886470131092e-01
2.850169433593750000e+03 5.500003906250000000e+03 3.786705078125000000e+03 5.822994140625000000e+03 9.906673028717467560e+02 1.238692095289954942e+00
3.635558349609375000e+03 6.364000000000000000e+03 4.170441406250000000e+03 6.364000000000000000e+03 5.348830566406250000e+02 1.570796326794896558e+00
9.630006835937500000e+03 6.683794921875000000e+03 9.392884765625000000e+03 7.458225585937500000e+03 8.099195822237976472e+02 2.971249652421190657e-01
9.916695312500000000e+03 8.277995117187500000e+03 9.025187500000000000e+03 8.567994140625000000e+03 9.374889937184536848e+02 1.256301701461634002e+00
5.719166992187500000e+03 8.612113281250000000e+03 4.885416015625000000e+03 9.036948242187500000e+03 9.357485960201540820e+02 1.099540651396839985e+00
