# Fibre lengths: [x0, y0, x1, y1, length01, angle01]
4.149878906250000000e+03 9.679530029296875000e+02 3.597952636718750000e+03 1.054002197265625000e+03 5.585938335181887169e+02 1.416134382939004954e+00
4.557834472656250000e+03 1.093548828125000000e+03 4.568000000000000000e+03 1.403441650390625000e+03 3.100595091880440464e+02 3.279160640162389478e-02
8.310156250000000000e+03 1.618271972656250000e+03 8.645679687500000000e+03 2.016684082031250000e+03 5.208725237603279083e+02 6.999200421514157888e-01
9.139871093750000000e+03 3.298286376953125000e+03 9.341004882812500000e+03 3.915695800781250000e+03 6.493452069080170759e+02 3.149286501621086365e-01
1.320954589843750000e+03 6.244751953125000000e+03 1.637680908203125000e+03 6.793704101562500000e+03 6.337696916196223356e+02 5.233099696213353580e-01
1.273204833984375000e+03 6.705993164062500000e+03 8.206871337890625000e+02 6.835985839843750000e+03 4.708188236963598001e+02 1.291063211887941042e+00
7.158929443359375000e+02 6.732009765625000000e+03 1.628562500000000000e+03 6.810997070312500000e+03 9.160811711512430975e+02 1.484466090168525154e+00
2.940687011718750000e+03 7.483013671875000000e+03 3.518205078125000000e+03 7.649006835937500000e+03 6.009000312373879069e+02 1.290915725614925291e+00
6.089954589843750000e+03 7.968751953125000000e+03 6.533902343750000000e+03 8.737772460937500000e+03 8.879651736608816464e+02 5.235534798236424203e-01
2.443671142578125000e+03 8.362496093750000000e+03 2.799206542968750000e+03 8.492001953125000000e+03 3.783876167944443978e+02 1.221478269925600602e+00
