# Fibre lengths: [x0, y0, x1, y1, length01, angle01]
4.565510742187500000e+03 1.561268554687500000e+03 4.177310546875000000e+03 2.135758300781250000e+03 6.933526231345234692e+02 5.942512855808068650e-01
8.935832031250000000e+03 1.979259765625000000e+03 9.169007812500000000e+03 2.311224121093750000e+03 4.056738570124163630e+02 6.123429920441375574e-01
4.430085937500000000e+03 4.357080078125000000e+03 4.553777343750000000e+03 4.422887695312500000e+03 1.401078386814923533e+02 1.081853762004681974e+00
8.786884765625000000e+03 5.000773925781250000e+03 8.921006835937500000e+03 5.437205078125000000e+03 4.565751641088296537e+02 2.981547024195670414e-01
4.755770507812500000e+03 5.269354492187500000e+03 4.621654296875000000e+03 5.403137695312500000e+03 1.894336387092245104e+02 7.866411957577539305e-01
5.686540527343750000e+03 5.947248046875000000e+03 5.268809570312500000e+03 6.481278320312500000e+03 6.780025703564663218e+02 6.638071493392659894e-01
8.633000000000000000e+03 6.024558593750000000e+03 8.589833984375000000e+03 6.870451171875000000e+03 8.469932459187009499e+02 5.098591238840333162e-02
6.965570312500000000e+03 7.322177734375000000e+03 7.057230468750000000e+03 7.845778320312500000e+03 5.315629387362024545e+02 1.733013584857678313e-01
7.868035156250000000e+03 8.305384765625000000e+03 7.818789062500000000e+03 8.517702148437500000e+03 2.179537767371408847e+02 2.279154988583983743e-01
8.584778320312500000e+03 8.978769531250000000e+03 8.285737304687500000e+03 9.036253906250000000e+03 3.045159805251148555e+02 1.380883862629655345e+00
