# Fibre lengths: [x0, y0, x1, y1, length01, angle01]
2.019809570312500000e+03 1.088721313476562500e+03 2.368000976562500000e+03 1.534251953125000000e+03 5.654509759934086333e+02 6.633710550761982017e-01
1.363631225585937500e+03 1.283805786132812500e+03 2.219176269531250000e+03 1.683738525390625000e+03 9.444064369484381132e+02 1.133518238052492633e+00
4.158941406250000000e+03 2.629000000000000000e+03 3.552893066406250000e+03 2.669990478515625000e+03 6.074329671299586835e+02 1.503263521152510274e+00
9.688169921875000000e+03 2.863003417968750000e+03 9.806705078125000000e+03 2.903994628906250000e+03 1.254227357433034626e+02 1.237854828296183429e+00
6.878156738281250000e+03 3.120271972656250000e+03 7.249684570312500000e+03 3.532184570312500000e+03 5.547115629602112676e+02 7.338957760150934817e-01
7.781216796875000000e+03 3.269982910156250000e+03 7.352624511718750000e+03 3.582037109375000000e+03 5.301595704554541726e+02 9.414650331380639559e-01
4.358834472656250000e+03 4.280548828125000000e+03 4.399000000000000000e+03 4.669441406250000000e+03 3.909612601109101888e+02 1.029168972946750416e-01
3.398638183593750000e+03 4.426803222656250000e+03 3.082197998046875000e+03 5.209252929687500000e+03 8.440153642335129689e+02 3.843129644417306867e-01
8.685731445312500000e+03 4.668489257812500000e+03 8.574095703125000000e+03 4.743534179687500000e+03 1.345149777273104235e+02 9.789519019313762671e-01
4.571006835937500000e+03 6.382794921875000000e+03 4.372871093750000000e+03 7.028713867187500000e+03 6.756249375547085947e+02 2.976380425164867893e-01
