# Fibre lengths: [x0, y0, x1, y1, length01, angle01]
9.590872070312500000e+03 4.632864379882812500e+02 9.683501953125000000e+03 7.317064208984375000e+02 2.839534863588507960e+02 3.322967418168407683e-01
5.341624511718750000e+03 2.269962890625000000e+03 5.894216796875000000e+03 2.672017089843750000e+03 6.833782354769842868e+02 9.418001565301405975e-01
4.671558105468750000e+03 3.376000000000000000e+03 5.317441406250000000e+03 3.386000000000000000e+03 6.459607095080029922e+02 1.555314890660964178e+00
9.978533203125000000e+03 4.045301269531250000e+03 9.878283203125000000e+03 4.197729492187500000e+03 1.824401972212903615e+02 5.817598433149460124e-01
8.912832031250000000e+03 4.121259765625000000e+03 9.396510742187500000e+03 4.837731445312500000e+03 8.644517124792970435e+02 5.938075092441356118e-01
1.794878784179687500e+03 5.791953125000000000e+03 1.515952636718750000e+03 5.835001953125000000e+03 2.822286260114952370e+02 1.417666824771643963e+00
7.062251953125000000e+03 6.626999023437500000e+03 6.810581054687500000e+03 6.817021484375000000e+03 3.153518301533735553e+02 9.240752226023990490e-01
4.513392578125000000e+03 8.778009765625000000e+03 4.712941406250000000e+03 8.791000000000000000e+03 1.999712004144052173e+02 1.505790026267058268e+00
5.005400390625000000e+03 9.121749023437500000e+03 5.331911132812500000e+03 9.687267578125000000e+03 6.530088058056117006e+02 5.236099852467316351e-01
6.562551269531250000e+03 9.237783203125000000e+03 6.378313476562500000e+03 9.532218750000000000e+03 3.473267274794387163e+02 5.591256446528583002e-01
