# Fibre lengths: [x0, y0, x1, y1, length01, angle01]
2.948681152343750000e+03 2.532048034667968750e+02 2.753300537109375000e+03 7.128510131835937500e+02 4.994479181219804786e+02 4.019277269995122914e-01
1.154116210937500000e+03 4.146241149902343750e+02 1.643837890625000000e+03 5.371815795898437500e+02 5.048243810326823677e+02 1.325573516500933025e+00
8.074884765625000000e+03 1.962534301757812500e+03 7.823264648437500000e+03 2.181650390625000000e+03 3.336533287319406327e+02 8.543380865935795709e-01
7.507022460937500000e+03 2.486421875000000000e+03 7.448000000000000000e+03 3.331941406250000000e+03 8.475770930247811066e+02 6.969309157157239920e-02
6.126117187500000000e+03 3.919675781250000000e+03 5.898483398437500000e+03 4.256725585937500000e+03 4.067182228064444871e+02 5.940047517512495601e-01
1.043337402343750000e+03 4.852204589843750000e+03 8.688800048828125000e+02 4.953082031250000000e+03 2.015233031525508807e+02 1.046533964386326065e+00
5.201711425781250000e+03 8.823845703125000000e+03 5.410255859375000000e+03 8.864451171875000000e+03 2.124607843234728080e+02 1.378493448014613376e+00
3.012486083984375000e+03 9.143048828125000000e+03 3.832754394531250000e+03 9.425889648437500000e+03 8.676629708144012056e+02 1.238748104904192626e+00
4.360133789062500000e+03 9.282435546875000000e+03 3.722232421875000000e+03 9.877587890625000000e+03 8.724244761185921107e+02 8.200535137073469150e-01
