# Fibre lengths: [x0, y0, x1, y1, length01, angle01]
5.431687011718750000e+03 4.280139465332031250e+02 5.846205078125000000e+03 5.550069580078125000e+02 4.335348340566955585e+02 1.273512160168545959e+00
1.405156982421875000e+03 1.265271972656250000e+03 1.836679321289062500e+03 1.777684082031250000e+03 6.699087242121457848e+02 6.999127426008755481e-01
8.712000000000000000e+03 1.363558471679687500e+03 8.642333984375000000e+03 1.937451293945312500e+03 5.781058079461466832e+02 1.208009701346910575e-01
5.743929443359375000e+02 3.250009521484375000e+03 7.504417114257812500e+02 3.268000000000000000e+03 1.769656060116632261e+02 1.468959521703467219e+00
5.572887695312500000e+03 3.921222656250000000e+03 5.303803710937500000e+03 4.449411132812500000e+03 5.927809523091475512e+02 4.711765397618856710e-01
8.243706054687500000e+03 4.200498046875000000e+03 7.999671875000000000e+03 4.289503417968750000e+03 2.597588053161763355e+02 1.221064145464052952e+00
9.600054931640625000e+02 4.352304687500000000e+03 7.583728027343750000e+02 4.971705078125000000e+03 6.513928045014903319e+02 3.147101420670749827e-01
4.953000000000000000e+03 6.895558105468750000e+03 4.930834960937500000e+03 7.324951171875000000e+03 4.299647595261783408e+02 5.157368726168769929e-02
2.232735839843750000e+03 7.444975097656250000e+03 2.072624755859375000e+03 7.557519531250000000e+03 1.957084789874715511e+02 9.581168694265338459e-01
1.756859619140625000e+03 8.779765625000000000e+03 1.835551269531250000e+03 8.909216796875000000e+03 1.514925138117760071e+02 5.461983992308382385e-01
