# Fibre lengths: [x0, y0, x1, y1, length01, angle01]
1.670928466796875000e+03 8.102233886718750000e+02 1.920911865234375000e+03 1.742648437500000000e+03 9.653539098053589669e+02 2.619403308522550988e-01
9.198927734375000000e+03 3.834223632812500000e+03 9.449933593750000000e+03 4.771180664062500000e+03 9.699960926980045315e+02 2.617485813985718224e-01
8.531692382812500000e+03 5.088302734375000000e+03 8.481169921875000000e+03 5.204747070312500000e+03 1.269322749780628783e+02 4.093650349735770688e-01
6.982184570312500000e+03 5.269815429687500000e+03 6.863654296875000000e+03 5.396230468750000000e+03 1.732922035821055715e+02 7.532193726901261766e-01
4.724654296875000000e+03 5.769862304687500000e+03 5.174184570312500000e+03 6.189184570312500000e+03 6.147427341463065886e+02 8.201518684625014322e-01
8.856016601562500000e+03 6.624783203125000000e+03 8.452796875000000000e+03 7.179247558593750000e+03 6.855777631855584104e+02 6.287643447691660947e-01
1.742123535156250000e+03 7.901237304687500000e+03 1.949738525390625000e+03 8.365675781250000000e+03 5.087308548552126695e+02 4.203760491570684987e-01
6.642307617187500000e+03 8.518583007812500000e+03 5.993737304687500000e+03 8.644253906250000000e+03 6.606335027611270334e+02 1.379402085876338280e+00
5.252533203125000000e+03 8.949300781250000000e+03 4.749283203125000000e+03 9.723729492187500000e+03 9.235802027026769565e+02 5.762584186889829763e-01
7.503631835937500000e+03 9.153888671875000000e+03 7.702721191406250000e+03 9.315611328125000000e+03 2.564971520417292368e+02 8.885930739261157507e-01
