# Fibre lengths: [x0, y0, x1, y1, length01, angle01]
1.924681640625000000e+03 7.131796264648437500e+01 1.771154541015625000e+03 2.056378479003906250e+02 2.039911809100812548e+02 8.520265613835117380e-01
4.819738281250000000e+03 1.391823730468750000e+03 4.519123535156250000e+03 2.034262695312500000e+03 7.092933448993574075e+02 4.376618714537321431e-01
4.183017089843750000e+03 1.563783203125000000e+03 3.868796875000000000e+03 1.995247558593750000e+03 5.337563427787216597e+02 6.294447166369246949e-01
3.901235595703125000e+03 2.279428710937500000e+03 3.614154296875000000e+03 2.346071777343750000e+03 2.947150665250608768e+02 1.342696364291299238e+00
4.697878906250000000e+03 2.941953125000000000e+03 4.580952636718750000e+03 2.959002197265625000e+03 1.181626987319307318e+02 1.426006233013401570e+00
3.880681640625000000e+03 3.996317871093750000e+03 3.703154541015625000e+03 4.151637695312500000e+03 2.358815781087203902e+02 8.520186126523299208e-01
1.939705078125000000e+03 4.958005371093750000e+03 1.015169372558593750e+03 5.275996093750000000e+03 9.776933929216340857e+02 1.239524620414133471e+00
4.273000976562500000e+03 6.240748046875000000e+03 3.801809570312500000e+03 6.865278808593750000e+03 7.823426446620781007e+02 6.463574927866021502e-01
3.559581054687500000e+03 7.212978515625000000e+03 4.076251953125000000e+03 7.602000976562500000e+03 6.467513373825230474e+02 9.254159325132447211e-01
2.962941650390625000e+03 9.726000000000000000e+03 2.217893066406250000e+03 9.776990234375000000e+03 7.467914009271529494e+02 1.502464075835041823e+00
