# Fibre lengths: [x0, y0, x1, y1, length01, angle01]
9.980656250000000000e+03 4.052243652343750000e+02 9.293384765625000000e+03 5.768333740234375000e+02 7.083726033187480198e+02 1.326103708329090081e+00
3.824823730468750000e+03 1.717258056640625000e+03 4.141072753906250000e+03 2.311357421875000000e+03 6.730286031046970265e+02 4.891655085598524688e-01
6.490906250000000000e+03 1.943440185546875000e+03 7.039225585937500000e+03 2.101114990234375000e+03 5.705396026536477621e+02 1.290790923442974636e+00
4.472011413574218750e+02 2.910809082031250000e+03 5.032715148925781250e+02 3.174184570312500000e+03 2.692778019365109117e+02 2.097598420973805500e-01
7.348998046875000000e+03 3.273004394531250000e+03 7.717082031250000000e+03 3.910120117187500000e+03 7.358004237625655151e+02 5.238871960217018620e-01
1.845496459960937500e+03 4.526066406250000000e+03 2.725941650390625000e+03 4.587000000000000000e+03 8.825512088247677411e+02 1.501698797098149685e+00
4.504264648437500000e+03 6.840839843750000000e+03 5.055574218750000000e+03 6.918149414062500000e+03 5.567037021433005748e+02 1.431475829048020953e+00
4.773933593750000000e+03 7.331496582031250000e+03 4.714000000000000000e+03 8.197941406250000000e+03 8.685152094668525251e+02 6.906184510843056679e-02
2.668297363281250000e+03 8.089883300781250000e+03 2.745341552734375000e+03 8.208564453125000000e+03 1.414956644216684651e+02 5.757911981224440590e-01
7.801279296875000000e+03 9.399798828125000000e+03 7.175115234375000000e+03 9.944465820312500000e+03 8.299057570261107912e+02 8.548922488043193546e-01
