# Fibre lengths: [x0, y0, x1, y1, length01, angle01]
8.474140625000000000e+03 2.150047149658203125e+02 9.038251953125000000e+03 6.560008544921875000e+02 7.160301569041002949e+02 9.072805979596602066e-01
7.511557617187500000e+03 6.156658935546875000e+02 7.082803710937500000e+03 1.456411376953125000e+03 9.437599694729090061e+02 4.715907518951349409e-01
5.539945068359375000e+02 1.192294921875000000e+03 4.388725280761718750e+02 1.525714111328125000e+03 3.527342142309742030e+02 3.324610699599536145e-01
5.863654296875000000e+03 1.813362060546875000e+03 6.549184570312500000e+03 2.431684082031250000e+03 9.231868056096866439e+02 8.368984930357334928e-01
6.427124023437500000e+03 2.471237548828125000e+03 6.651738281250000000e+03 2.972676269531250000e+03 5.494473181598458496e+02 4.211391717171469318e-01
1.897169677734375000e+03 3.478252929687500000e+03 2.146638183593750000e+03 4.093196777343750000e+03 6.636192215314307532e+02 3.853906452013506345e-01
1.111441650390625000e+03 4.830000000000000000e+03 3.303929443359375000e+02 4.869990234375000000e+03 7.820717998208790505e+02 1.519640305431753546e+00
1.077510620117187500e+03 5.824268554687500000e+03 8.723110351562500000e+02 6.127758300781250000e+03 3.663507822459095564e+02 5.945279623982169248e-01
9.189151367187500000e+03 5.894511718750000000e+03 9.911648437500000000e+03 6.087912109375000000e+03 7.479343070778663787e+02 1.309245048634142039e+00
6.375941406250000000e+03 8.012000000000000000e+03 5.806892578125000000e+03 8.050990234375000000e+03 5.703830354832208513e+02 1.502384993247178890e+00
