# Fibre lengths: [x0, y0, x1, y1, length01, angle01]
3.078872070312500000e+03 1.262863845825195312e+02 3.279001953125000000e+03 7.062062988281250000e+02 6.134811137542666302e+02 3.323021725090823386e-01
8.516046875000000000e+03 2.213121093750000000e+03 8.457365234375000000e+03 2.586822509765625000e+03 3.782806937692232623e+02 1.557562529743064250e-01
8.967967529296875000e+02 2.409752441406250000e+03 1.184017089843750000e+03 2.804216796875000000e+03 4.879525075992580128e+02 6.293551133293634470e-01
7.332236328125000000e+02 4.104918945312500000e+03 1.031151580810546875e+02 4.615573242187500000e+03 8.110514785420768931e+02 8.897322305413420951e-01
6.680009765625000000e+02 4.775748046875000000e+03 4.688096008300781250e+02 5.039278808593750000e+03 3.303417420463836152e+02 6.472385911394553659e-01
2.686681640625000000e+03 5.222317871093750000e+03 2.125154541015625000e+03 5.711637695312500000e+03 7.448131134514115956e+02 8.540037344008972742e-01
7.459169921875000000e+03 5.307003906250000000e+03 7.617206542968750000e+03 5.364501953125000000e+03 1.681713382273245827e+02 1.221856642004444993e+00
4.022787841796875000e+03 5.553963867187500000e+03 3.256581054687500000e+03 6.153021484375000000e+03 9.725959435052340041e+02 9.072217921168271859e-01
9.726166992187500000e+03 7.719113769531250000e+03 9.072085937500000000e+03 8.066920410156250000e+03 7.408046202366452917e+02 1.082073654262160733e+00
6.942000000000000000e+03 9.727058593750000000e+03 6.935834960937500000e+03 9.830451171875000000e+03 1.035762179169348656e+02 5.955696485034039922e-02
