# Fibre lengths: [x0, y0, x1, y1, length01, angle01]
6.989975585937500000e+03 2.982557373046875000e+02 7.250887695312500000e+03 7.887772216796875000e+02 5.555955862423362532e+02 4.888466753550555488e-01
5.686832031250000000e+03 2.546259765625000000e+03 5.914510742187500000e+03 2.882731445312500000e+03 4.062644294617599030e+02 5.948928298368171275e-01
6.963510742187500000e+03 4.088731445312500000e+03 6.900960449218750000e+03 4.192742675781250000e+03 1.213708169787938971e+02 5.414337238965947208e-01
3.306238769531250000e+03 4.968247070312500000e+03 3.865611572265625000e+03 5.657721191406250000e+03 8.878471130194145644e+02 6.815954481494090889e-01
8.064697265625000000e+03 5.412308105468750000e+03 7.385165039062500000e+03 5.701611328125000000e+03 7.385529104785117624e+02 1.168300090569688754e+00
5.916000000000000000e+03 5.718558105468750000e+03 5.876834960937500000e+03 6.490451171875000000e+03 7.728860241011028620e+02 5.069546966025959694e-02
3.702081054687500000e+03 6.564776367187500000e+03 3.229238525390625000e+03 7.147752929687500000e+03 7.506275574052571073e+02 6.814625838883107134e-01
8.793738281250000000e+03 7.084823730468750000e+03 8.714623046875000000e+03 7.251762695312500000e+03 1.847372141538189965e+02 4.425644374038182338e-01
8.432580078125000000e+03 8.115658203125000000e+03 8.621123046875000000e+03 8.500050781250000000e+03 4.281426224783602379e+02 4.560154308972992898e-01
3.324156982421875000e+03 8.964271484375000000e+03 3.431679199218750000e+03 9.091683593750000000e+03 1.667179436062631908e+02 7.009380698232875462e-01
