# Fibre lengths: [x0, y0, x1, y1, length01, angle01]
2.810684326171875000e+03 4.818156127929687500e+02 2.645156738281250000e+03 6.717280883789062500e+02 2.519248513665690155e+02 7.169007116359082943e-01
3.045024902343750000e+03 5.352640991210937500e+02 2.787311035156250000e+03 9.027581787109375000e+02 4.488522428086138234e+02 6.115801652803448674e-01
1.172686523437500000e+03 1.378013183593750000e+03 1.649695556640625000e+03 1.524005371093750000e+03 4.988500141008469200e+02 1.273791508547501117e+00
2.120267578125000000e+03 2.767088623046875000e+03 1.434597900390625000e+03 3.162931152343750000e+03 7.917286245706346790e+02 1.047229320412755182e+00
7.123684570312500000e+03 3.449815917968750000e+03 6.480154296875000000e+03 4.163230468750000000e+03 9.607765266163387423e+02 7.339424314822405870e-01
4.222878906250000000e+03 3.626953125000000000e+03 3.343952636718750000e+03 3.765002197265625000e+03 8.897015980796703616e+02 1.415003532304355272e+00
3.250416503906250000e+03 4.200052246093750000e+03 3.928166992187500000e+03 4.544886718750000000e+03 7.604318101562997754e+02 1.100139358642602927e+00
6.917307617187500000e+03 4.932583007812500000e+03 6.156571777343750000e+03 5.079865234375000000e+03 7.748619698268738603e+02 1.379557344314180867e+00
9.089679687500000000e+03 6.710315917968750000e+03 8.919156250000000000e+03 6.912728027343750000e+03 2.646675362760861390e+02 7.000984554082961830e-01
6.606168945312500000e+03 8.923003906250000000e+03 7.210706542968750000e+03 9.131501953125000000e+03 6.394819329196718627e+02 1.238682446948133675e+00
