# Fibre lengths: [x0, y0, x1, y1, length01, angle01]
3.722770385742187500e+02 1.571834228515625000e+03 2.845583801269531250e+02 2.023415771484375000e+03 4.600222309734879218e+02 1.918583958158654457e-01
4.255955078125000000e+03 2.147846679687500000e+03 4.066016113281250000e+03 2.174566406250000000e+03 1.918091607653035737e+02 1.431038098826276972e+00
4.531532226562500000e+03 2.255441406250000000e+03 4.157338867187500000e+03 2.656197753906250000e+03 5.482940090746250235e+02 7.511345301908364247e-01
9.861267578125000000e+03 3.165006591796875000e+03 9.978696289062500000e+03 3.999907226562500000e+03 8.431183618475441790e+02 1.397333150106284394e-01
4.579206848144531250e+02 4.833717773437500000e+03 4.119863281250000000e+02 5.279505859375000000e+03 4.481483936022685270e+02 1.026784207376379709e-01
1.660844726562500000e+03 5.494894531250000000e+03 1.607066162109375000e+03 6.113503906250000000e+03 6.209425841674329831e+02 8.671659084745898805e-02
2.847654785156250000e+03 7.810218261718750000e+03 2.387831542968750000e+03 8.339025390625000000e+03 7.007670038164579864e+02 7.157338510326173298e-01
4.364034667968750000e+03 8.189640136718750000e+03 4.299000000000000000e+03 8.720441406250000000e+03 5.347705075766541540e+02 1.219140715361641120e-01
3.844470703125000000e+03 8.525853515625000000e+03 4.096179199218750000e+03 8.593398437500000000e+03 2.606136670953333123e+02 1.308626920516519965e+00
8.083155273437500000e+03 9.332805664062500000e+03 7.245429687500000000e+03 9.637792968750000000e+03 8.915163561903245864e+02 1.221646019528952021e+00
