# Fibre lengths: [x0, y0, x1, y1, length01, angle01]
5.717854492187500000e+03 1.456084350585937500e+03 5.593570312500000000e+03 2.159822021484375000e+03 7.146280618350725717e+02 1.748033590637121382e-01
8.225046875000000000e+03 2.810121093750000000e+03 8.106784179687500000e+03 3.559923583984375000e+03 7.590716958655797271e+02 1.564363914751790707e-01
5.714000000000000000e+03 5.040558105468750000e+03 5.692000000000000000e+03 5.696441406250000000e+03 6.562521651344912925e+02 3.352998130165025376e-02
4.418624511718750000e+03 5.716962890625000000e+03 4.738216796875000000e+03 5.950017089843750000e+03 3.955420186337813675e+02 9.407253244322769659e-01
7.409570312500000000e+03 6.107177734375000000e+03 7.544230468750000000e+03 6.871778320312500000e+03 7.763680916274462334e+02 1.743305308750834060e-01
7.892789062500000000e+03 8.260297851562500000e+03 8.001035156250000000e+03 8.727615234375000000e+03 4.796902678717366371e+02 2.276187199957662999e-01
7.768095214843750000e+03 8.620464843750000000e+03 8.342731445312500000e+03 9.008510742187500000e+03 6.933876380939459523e+02 9.768477007339058105e-01
4.917145538330078125e+01 9.134496093750000000e+03 1.477050476074218750e+02 9.168994140625000000e+03 1.043981993847550740e+02 1.234019438788861667e+00
7.014206542968750000e+03 9.376498046875000000e+03 6.275671386718750000e+03 9.645503906250000000e+03 7.860014818022254985e+02 1.221490119326251289e+00
4.763558593750000000e+03 9.979000000000000000e+03 5.339441406250000000e+03 9.979000000000000000e+03 5.758828125000000000e+02 1.570796326794896558e+00
