# Fibre lengths: [x0, y0, x1, y1, length01, angle01]
1.892493652343750000e+03 6.278565673828125000e+02 1.427612792968750000e+03 6.683128662109375000e+02 4.666378955122580692e+02 1.483989934413742828e+00
8.666558593750000000e+03 2.166000000000000000e+03 9.314441406250000000e+03 2.166000000000000000e+03 6.478828125000000000e+02 1.570796326794896558e+00
2.629383789062500000e+03 2.832635009765625000e+03 2.275948730468750000e+03 3.006012695312500000e+03 3.936701188670008378e+02 1.114736989266214229e+00
9.534279296875000000e+03 3.583514404296875000e+03 9.822023437500000000e+03 3.851931640625000000e+03 3.935028630417423869e+02 8.201347183061075130e-01
8.850968750000000000e+03 4.833919921875000000e+03 8.128687011718750000e+03 5.234725585937500000e+03 8.260363731695873639e+02 1.064186702788397332e+00
4.708131835937500000e+03 5.761487792968750000e+03 5.229217285156250000e+03 6.113435546875000000e+03 6.288062236231132829e+02 9.767631622578264450e-01
5.895065429687500000e+03 6.952479492187500000e+03 6.171770507812500000e+03 7.229770507812500000e+03 3.917346137457173540e+02 7.843405074173308567e-01
6.524442382812500000e+03 7.411770507812500000e+03 7.111065429687500000e+03 7.886919433593750000e+03 7.549126444801307798e+02 8.900037019860799203e-01
6.368668945312500000e+03 9.625640625000000000e+03 7.337556640625000000e+03 9.831889648437500000e+03 9.905968028400304775e+02 1.361055070691047586e+00
