# Fibre lengths: [x0, y0, x1, y1, length01, angle01]
2.580000000000000000e+03 9.795582885742187500e+02 2.549834472656250000e+03 1.862451293945312500e+03 8.834081831028784109e+02 3.415339949586702201e-02
8.863671875000000000e+03 1.494496337890625000e+03 9.077206054687500000e+03 1.576501953125000000e+03 2.287395174096113522e+02 1.204124035378793200e+00
4.042654296875000000e+03 1.969862060546875000e+03 4.560184570312500000e+03 2.436684082031250000e+03 6.969651237092512019e+02 8.368670005425407066e-01
7.615313964843750000e+03 2.676780761718750000e+03 7.994551269531250000e+03 3.306216796875000000e+03 7.348541730301732287e+02 5.422581484618475001e-01
1.471185791015625000e+03 7.280847656250000000e+03 2.019676269531250000e+03 7.525738281250000000e+03 6.006773037456882776e+02 1.150872581956331242e+00
9.214872070312500000e+03 7.965286621093750000e+03 9.363994140625000000e+03 8.398705078125000000e+03 4.583546124450322168e+02 3.313735297354177267e-01
4.824375976562500000e+03 8.365294921875000000e+03 5.043501953125000000e+03 8.934206054687500000e+03 6.096524178927459161e+02 3.676545549088823805e-01
2.403393066406250000e+03 9.031009765625000000e+03 2.756441650390625000e+03 9.073500000000000000e+03 3.555962916997514185e+02 1.451020045783431245e+00
9.321953125000000000e+03 9.259767578125000000e+03 9.239546875000000000e+03 9.681199218750000000e+03 4.294128756324636242e+02 1.931023165723387836e-01
1.993196655273437500e+03 9.527361328125000000e+03 1.381701660156250000e+03 9.774632812500000000e+03 6.595978441735426259e+02 1.186526632958237348e+00
