# Fibre lengths: [x0, y0, x1, y1, length01, angle01]
6.481230468750000000e+03 4.492215270996093750e+02 6.342570312500000000e+03 1.237822021484375000e+03 8.006980571196430674e+02 1.740515429109038559e-01
1.571169677734375000e+03 1.564253051757812500e+03 1.947692138671875000e+03 2.449697021484375000e+03 9.621747175620262169e+02 4.020703419286709157e-01
4.951545410156250000e+02 2.089362060546875000e+03 5.756816406250000000e+02 2.159682128906250000e+03 1.069089602679091513e+02 8.529598973175417376e-01
3.090638183593750000e+03 4.066803466796875000e+03 2.965197998046875000e+03 4.377252929687500000e+03 3.348344503767675064e+02 3.840014020867733024e-01
1.003061828613281250e+03 5.651818359375000000e+03 1.274778564453125000e+03 5.699230468750000000e+03 2.758222120331254246e+02 1.398044633705856299e+00
9.253929443359375000e+02 5.824009765625000000e+03 1.395441650390625000e+03 5.839000000000000000e+03 4.702876706764737946e+02 1.538916320590733466e+00
3.603738281250000000e+03 5.881323242187500000e+03 3.310123779296875000e+03 6.539762695312500000e+03 7.209382700264501409e+02 4.194598493311189613e-01
8.704686523437500000e+03 7.354013671875000000e+03 9.637205078125000000e+03 7.622006835937500000e+03 9.702634646428226688e+02 1.290951420985747555e+00
5.064152343750000000e+03 8.779365234375000000e+03 5.679684082031250000e+03 9.296679687500000000e+03 8.040482350229711983e+02 8.718814795857028344e-01
5.247834472656250000e+03 9.149048828125000000e+03 5.313000000000000000e+03 9.901941406250000000e+03 7.557074699575877048e+02 8.633837978188872719e-02
