# Fibre lengths: [x0, y0, x1, y1, length01, angle01]
2.193298339843750000e+03 1.656753234863281250e+02 2.100944335937500000e+03 2.307216186523437500e+02 1.129614206370478797e+02 9.571803653369693743e-01
3.511484375000000000e+03 2.978814697265625000e+02 3.389723144531250000e+03 9.241657714843750000e+02 6.380108336647073202e+02 1.920229808563318763e-01
3.348717285156250000e+03 5.244851684570312500e+02 2.747260742187500000e+03 9.305478515625000000e+02 7.256975097729990694e+02 9.769558409356854378e-01
5.806656494140625000e+02 1.286906005859375000e+03 7.168768920898437500e+02 1.325948974609375000e+03 1.416963515412236916e+02 1.291645246894419730e+00
1.957995727539062500e+03 1.382302612304687500e+03 1.875994873046875000e+03 1.633708251953125000e+03 2.644407982601945832e+02 3.152893176771645045e-01
3.475053466796875000e+03 1.464198730468750000e+03 3.601603515625000000e+03 1.523488037109375000e+03 1.397502656180906229e+02 1.132660805960467920e+00
2.782946289062500000e+03 1.610042968750000000e+03 3.095945312500000000e+03 1.705977294921875000e+03 3.273710182818271051e+02 1.273386582621649277e+00
5.606037597656250000e+02 3.031226074218750000e+03 6.720797119140625000e+02 3.231968750000000000e+03 2.296181826145673028e+02 5.069166947652870014e-01
1.149470458984375000e+03 3.267853027343750000e+03 1.872242187500000000e+03 3.461697753906250000e+03 7.483146060030866238e+02 1.308766368757917409e+00
