# Fibre lengths: [x0, y0, x1, y1, length01, angle01]
2.948806640625000000e+03 9.782672119140625000e+01 2.980074707031250000e+03 2.431734313964843750e+02 1.486719817054465125e+02 2.118979709749306828e-01
3.938887451171875000e+03 2.437222900390625000e+03 3.526975585937500000e+03 3.179744384765625000e+03 8.491228058881207517e+02 5.064807420977812669e-01
7.182173339843750000e+03 3.649925292968750000e+03 7.026208007812500000e+03 3.683575195312500000e+03 1.595540683384850809e+02 1.358301074293806865e+00
3.824123535156250000e+03 3.944237548828125000e+03 3.958738281250000000e+03 4.232176757812500000e+03 3.178523524160743818e+02 4.373202707577623083e-01
8.956416015625000000e+03 5.383051757812500000e+03 9.432167968750000000e+03 5.624886718750000000e+03 5.336891129055326246e+02 1.100513676587923984e+00
3.749154541015625000e+03 6.096362304687500000e+03 4.131681640625000000e+03 6.429681640625000000e+03 5.073743801625942069e+02 8.540308664773821334e-01
5.603046875000000000e+03 6.216121093750000000e+03 5.559779296875000000e+03 6.492443359375000000e+03 2.796892522013243934e+02 1.553225268525265934e-01
1.638546997070312500e+03 6.831551757812500000e+03 1.805281250000000000e+03 6.931472167968750000e+03 1.943820965670815895e+02 1.030906816580320351e+00
8.984859375000000000e+03 7.716765625000000000e+03 9.213550781250000000e+03 8.096216796875000000e+03 4.430383179025413938e+02 5.423950546253506477e-01
1.663057373046875000e+03 7.841569335937500000e+03 1.897878784179687500e+03 7.878046875000000000e+03 2.376377621138138352e+02 1.416686436112549741e+00
