# Fibre lengths: [x0, y0, x1, y1, length01, angle01]
6.007596191406250000e+03 6.288637084960937500e+02 5.481404296875000000e+03 1.040136230468750000e+03 6.678495318558927920e+02 9.073749214830630905e-01
5.502149902343750000e+03 2.870425781250000000e+03 5.391745117187500000e+03 3.658826171875000000e+03 7.960932059269506453e+02 1.391316822501106332e-01
4.673704101562500000e+03 2.878679199218750000e+03 4.694210937500000000e+03 3.044896972656250000e+03 1.674779941565088848e+02 1.227530055436015233e-01
8.390558593750000000e+03 6.556000000000000000e+03 8.696441406250000000e+03 6.556000000000000000e+03 3.058828125000000000e+02 1.570796326794896558e+00
3.746500488281250000e+03 7.015004882812500000e+03 3.787000000000000000e+03 7.795941406250000000e+03 7.819859743551070324e+02 5.181376649276345225e-02
3.226569335937500000e+03 7.095777832031250000e+03 2.865417968750000000e+03 7.388192382812500000e+03 4.646897669736237049e+02 8.901849146464702045e-01
3.823452880859375000e+03 7.229675781250000000e+03 3.585294921875000000e+03 7.818036132812500000e+03 6.347338944143064055e+02 3.846223888125232526e-01
8.142418945312500000e+03 7.264741210937500000e+03 8.372087890625000000e+03 7.861811523437500000e+03 6.397192997790544950e+02 3.672125225443818586e-01
3.131753662109375000e+03 8.001102539062500000e+03 3.238718261718750000e+03 8.084974121093750000e+03 1.359259645616635055e+02 9.058222774799861154e-01
6.404077148437500000e+03 9.650188476562500000e+03 6.578754882812500000e+03 9.728728515625000000e+03 1.915224493951612033e+02 1.148251614887580319e+00
