# Fibre lengths: [x0, y0, x1, y1, length01, angle01]
2.591694824218750000e+03 1.195293457031250000e+03 2.756692138671875000e+03 1.582697021484375000e+03 4.210767572874688653e+02 4.026373763272878548e-01
8.400951538085937500e+02 3.716465332031250000e+03 1.482731445312500000e+03 4.150510742187500000e+03 7.754848942665490767e+02 9.767624482751786630e-01
8.535892578125000000e+03 4.377009765625000000e+03 9.350941406250000000e+03 4.433000000000000000e+03 8.169697048075303201e+02 1.502208523391261874e+00
4.889558105468750000e+03 4.739000000000000000e+03 5.699441406250000000e+03 4.752000000000000000e+03 8.099876300810603880e+02 1.554746009858244182e+00
3.297701660156250000e+03 5.127366699218750000e+03 4.049196533203125000e+03 5.431638671875000000e+03 8.107564230765393631e+02 1.186082452718822955e+00
7.590313476562500000e+03 5.186780273437500000e+03 7.804551269531250000e+03 5.528216796875000000e+03 4.030840253262431929e+02 5.603664157916026234e-01
5.776035156250000000e+03 5.820384277343750000e+03 5.643789062500000000e+03 6.349702148437500000e+03 5.455881578364338793e+02 2.448304108551105363e-01
4.279000000000000000e+03 6.967558593750000000e+03 4.176334472656250000e+03 7.702451171875000000e+03 7.420291853343637740e+02 1.388030766515296888e-01
2.667581054687500000e+03 7.194978515625000000e+03 2.849251953125000000e+03 7.332000976562500000e+03 2.275510275530680815e+02 9.245906358935648273e-01
8.122000000000000000e+03 7.368558105468750000e+03 8.122000000000000000e+03 8.163441406250000000e+03 7.948833007812500000e+02 0.000000000000000000e+00
