# Fibre lengths: [x0, y0, x1, y1, length01, angle01]
6.768416992187500000e+03 1.618692260742187500e+03 6.640570312500000000e+03 2.276822021484375000e+03 6.704323645839953087e+02 1.918679322901213069e-01
1.633941650390625000e+03 2.067000000000000000e+03 1.069892944335937500e+03 2.104990478515625000e+03 5.653266482838159845e+02 1.503544710682196861e+00
5.588230468750000000e+03 2.334221679687500000e+03 5.450570312500000000e+03 3.113822021484375000e+03 7.916609195536802872e+02 1.747762244345870963e-01
5.552654296875000000e+03 2.837862304687500000e+03 5.785184570312500000e+03 3.055684082031250000e+03 3.186167835348739459e+02 8.180465541015461417e-01
5.467251953125000000e+03 3.647999023437500000e+03 4.901581054687500000e+03 4.075021240234375000e+03 7.087535107336017290e+02 9.241696772484048195e-01
5.939654296875000000e+03 7.635362304687500000e+03 6.454184570312500000e+03 8.099684570312500000e+03 6.930631779562390875e+02 8.366459701081676581e-01
2.056545104980468750e+02 7.655862304687500000e+03 5.091843872070312500e+02 7.949184570312500000e+03 4.220999141984682979e+02 8.024989079841611250e-01
4.653006835937500000e+03 8.175794921875000000e+03 4.560870605468750000e+03 8.477713867187500000e+03 3.156645917799507970e+02 2.961920053345954429e-01
5.061513671875000000e+03 9.079281250000000000e+03 4.555313476562500000e+03 9.921218750000000000e+03 9.823937050086707359e+02 5.413252639238383956e-01
1.562251831054687500e+03 9.593999023437500000e+03 1.350580810546875000e+03 9.754021484375000000e+03 2.653522355800163268e+02 9.234687609873454273e-01
