# Fibre lengths: [x0, y0, x1, y1, length01, angle01]
5.321479492187500000e+03 1.710657501220703125e+02 5.639184570312500000e+03 4.991843872070312500e+02 4.567256908352152891e+02 7.692751001633013619e-01
8.851785156250000000e+03 1.780076416015625000e+03 8.980046875000000000e+03 2.594878906250000000e+03 8.248358422067041147e+02 1.561332775433931785e-01
7.426206054687500000e+03 2.069498046875000000e+03 7.083671875000000000e+03 2.194503417968750000e+03 3.646313303275990734e+02 1.220871977531128305e+00
7.729941406250000000e+03 2.906000000000000000e+03 7.529892578125000000e+03 2.918990478515625000e+03 2.004701627830204131e+02 1.505950831435068915e+00
5.450213867187500000e+03 4.823594726562500000e+03 5.080085937500000000e+03 4.922981445312500000e+03 3.832393562757438872e+02 1.308464527306917091e+00
3.365005371093750000e+03 5.136304687500000000e+03 3.328870605468750000e+03 5.246713867187500000e+03 1.161718909463056946e+02 3.162931003178420242e-01
9.143872070312500000e+03 5.455286621093750000e+03 9.299994140625000000e+03 5.908705078125000000e+03 4.795439479497793513e+02 3.316077768552144200e-01
4.545050292968750000e+03 6.783876953125000000e+03 4.432685546875000000e+03 6.839652343750000000e+03 1.254461253450430149e+02 1.110050494586621639e+00
5.468885253906250000e+03 7.681773925781250000e+03 5.711006835937500000e+03 8.473205078125000000e+03 8.276388882752377185e+02 2.968871451344669565e-01
9.035375000000000000e+03 8.552795898437500000e+03 9.129501953125000000e+03 8.809706054687500000e+03 2.736105109256502033e+02 3.511927980917557979e-01
