# Fibre lengths: [x0, y0, x1, y1, length01, angle01]
1.942000000000000000e+03 1.925583038330078125e+02 1.929000000000000000e+03 9.794415893554687500e+02 7.869906638802158341e+02 1.651937167286526495e-02
5.564216796875000000e+03 3.089830017089843750e+02 5.374624511718750000e+03 4.470370483398437500e+02 2.345296449959456879e+02 9.414181400584524795e-01
4.761501953125000000e+03 1.264793701171875000e+03 4.461375976562500000e+03 2.046204956054687500e+03 8.370657985278851356e+02 3.667090778550710084e-01
1.238392944335937500e+03 3.012009521484375000e+03 1.555441528320312500e+03 3.044000000000000000e+03 3.186584304896952631e+02 1.470235801849224311e+00
7.178962707519531250e+01 4.693297851562500000e+03 2.050354766845703125e+02 5.268615722656250000e+03 5.905464496870411040e+02 2.275911482739685354e-01
6.007016601562500000e+02 4.758366699218750000e+03 1.069667480468750000e+03 4.948166992187500000e+03 5.059180682999959231e+02 1.186226800851210683e+00
4.902000000000000000e+03 7.820558593750000000e+03 4.825834960937500000e+03 8.367451171875000000e+03 5.521708116005421516e+02 1.383786645926357584e-01
4.447205078125000000e+03 7.935993164062500000e+03 4.026687011718750000e+03 8.056985839843750000e+03 4.375781893179297413e+02 1.290640637862828566e+00
3.977685791015625000e+03 8.216347656250000000e+03 4.077050292968750000e+03 8.265123046875000000e+03 1.106903021001113672e+02 1.114476620969113263e+00
4.980809570312500000e+03 8.275545898437500000e+03 5.567615722656250000e+03 8.411035156250000000e+03 6.022448002357998575e+02 1.343880254017741471e+00
