# Fibre lengths: [x0, y0, x1, y1, length01, angle01]
6.626580078125000000e+03 7.276578979492187500e+02 6.897738281250000000e+03 1.281176269531250000e+03 6.163678761914854931e+02 4.555197902996383497e-01
9.465581054687500000e+03 2.860978759765625000e+03 9.649788085937500000e+03 3.000036376953125000e+03 2.308013242158800438e+02 9.241675228750436677e-01
5.605803710937500000e+03 3.673588867187500000e+03 5.891886718750000000e+03 4.234166992187500000e+03 6.293578644837630236e+02 4.718819079367880254e-01
1.245581054687500000e+03 4.017978759765625000e+03 1.683251953125000000e+03 4.348000976562500000e+03 5.481518757777008659e+02 9.247133861958108936e-01
8.573000976562500000e+03 5.488748046875000000e+03 8.182809570312500000e+03 6.006278808593750000e+03 6.481415145140312006e+02 6.460231964317799669e-01
1.938037109375000000e+02 5.546588867187500000e+03 3.258864746093750000e+02 5.804166992187500000e+03 2.894690776883016383e+02 4.738249542559592742e-01
5.190681640625000000e+03 7.892318359375000000e+03 4.578654296875000000e+03 8.443638671875000000e+03 8.237302692464191978e+02 8.375339265939315547e-01
2.463085937500000000e+03 8.292080078125000000e+03 2.640777343750000000e+03 8.386887695312500000e+03 2.014018871110052089e+02 1.080668721216264450e+00
3.260006835937500000e+03 9.057794921875000000e+03 3.142885009765625000e+03 9.466226562500000000e+03 4.248928420548692202e+02 2.792661138320420844e-01
4.197699218750000000e+03 9.500466796875000000e+03 3.561146728515625000e+03 9.913562500000000000e+03 7.588459216230407947e+02 9.951541095022966577e-01
