# Fibre lengths: [x0, y0, x1, y1, length01, angle01]
3.594000000000000000e+03 2.085558349609375000e+03 3.594000000000000000e+03 2.342441650390625000e+03 2.568833007812500000e+02 0.000000000000000000e+00
9.153109130859375000e+02 3.249241699218750000e+03 1.295510498046875000e+03 3.812731445312500000e+03 6.797590884697813181e+02 5.935594594228038590e-01
5.693777343750000000e+03 5.182112304687500000e+03 5.430085937500000000e+03 5.321919921875000000e+03 2.984616014728679829e+02 1.083286256840213291e+00
4.441139648437500000e+03 5.478004882812500000e+03 4.870251953125000000e+03 5.814000976562500000e+03 5.450052706621071366e+02 9.065058624952323507e-01
9.041902343750000000e+03 5.962227539062500000e+03 8.551954101562500000e+03 6.810247070312500000e+03 9.793806233554403207e+02 5.239029052149098975e-01
8.182687011718750000e+03 6.843014160156250000e+03 8.718205078125000000e+03 7.007006835937500000e+03 5.600653507916580338e+02 1.273632111330578187e+00
6.332006835937500000e+03 7.645794921875000000e+03 6.297884765625000000e+03 7.763225585937500000e+03 1.222876794471582258e+02 2.827850258812126816e-01
3.546000000000000000e+03 7.786558105468750000e+03 3.540834472656250000e+03 7.948451171875000000e+03 1.619754537674073163e+02 3.189621144143130194e-02
7.017307617187500000e+03 8.171583007812500000e+03 6.547061523437500000e+03 8.254181640625000000e+03 4.774452040073583134e+02 1.396920237757266259e+00
4.977994140625000000e+03 8.743294921875000000e+03 4.845375976562500000e+03 9.107205078125000000e+03 3.873218032349942064e+02 3.494678581255369898e-01
