# Fibre lengths: [x0, y0, x1, y1, length01, angle01]
5.615630859375000000e+03 1.468059387207031250e+02 5.952050292968750000e+03 3.111226806640625000e+02 3.744035616582995658e+02 1.116448930492446978e+00
6.026192382812500000e+03 2.376923095703125000e+03 6.738721191406250000e+03 2.954611572265625000e+03 9.172901825644548808e+02 8.895299277987790409e-01
6.803885253906250000e+03 3.946773925781250000e+03 7.046006835937500000e+03 4.790205078125000000e+03 8.774958514028550098e+02 2.795501973094539072e-01
9.982166748046875000e+02 4.074982910156250000e+03 2.086245727539062500e+02 4.649037109375000000e+03 9.762140704075370650e+02 9.421612569460902087e-01
2.741750488281250000e+03 4.751885742187500000e+03 2.600115234375000000e+03 4.867573242187500000e+03 1.828773982900508770e+02 8.858958421833850183e-01
6.175216796875000000e+03 5.055448242187500000e+03 5.352648437500000000e+03 5.570548828125000000e+03 9.705397052558101905e+02 1.011327325419991707e+00
1.544809570312500000e+03 5.763721679687500000e+03 1.834000976562500000e+03 6.147251953125000000e+03 4.803406500514984145e+02 6.460721222977768852e-01
8.755206298828125000e+02 6.202065429687500000e+03 6.754794921875000000e+02 6.401934570312500000e+03 2.827792958202757063e+02 7.858282525175124267e-01
8.660501953125000000e+03 6.687793457031250000e+03 8.345873046875000000e+03 7.599713867187500000e+03 9.646710232548786053e+02 3.322295872670852357e-01
6.112062988281250000e+02 7.493998046875000000e+03 9.767155456542968750e+01 7.691503906250000000e+03 5.502058687913181529e+02 1.203635222105753799e+00
