# Fibre lengths: [x0, y0, x1, y1, length01, angle01]
9.093123046875000000e+03 4.707374267578125000e+02 9.372238281250000000e+03 1.067676513671875000e+03 6.589700960939015886e+02 4.373747749348889102e-01
3.074654296875000000e+03 1.960269165039062500e+03 3.313684570312500000e+03 2.225184570312500000e+03 3.568131774063223247e+02 7.340783403073253277e-01
9.970050781250000000e+03 2.350877441406250000e+03 9.388631835937500000e+03 2.635194335937500000e+03 6.472125512412393391e+02 1.115983172658570943e+00
1.205885131835937500e+03 5.130773925781250000e+03 1.429006835937500000e+03 5.907205078125000000e+03 8.078543366047053951e+02 2.798281775144856875e-01
8.429809570312500000e+03 6.485721679687500000e+03 8.643000976562500000e+03 6.768251953125000000e+03 3.539405756726982872e+02 6.464252222844533158e-01
4.448000000000000000e+03 7.187058105468750000e+03 4.401834960937500000e+03 7.854951171875000000e+03 6.694866383918244992e+02 6.901064194863097689e-02
1.367551269531250000e+03 7.965783203125000000e+03 1.064400390625000000e+03 8.470250976562500000e+03 5.885475255394594569e+02 5.411045867183632563e-01
2.813135986328125000e+02 7.988780273437500000e+03 5.675512084960937500e+02 8.445216796875000000e+03 5.387636487625677546e+02 5.601178558431517684e-01
1.968777343750000000e+03 9.772112304687500000e+03 1.711085449218750000e+03 9.914919921875000000e+03 2.946169174264716730e+02 1.064749796644127500e+00
