# Fibre lengths: [x0, y0, x1, y1, length01, angle01]
6.027121093750000000e+03 2.779793395996093750e+02 6.364224121093750000e+03 5.140072021484375000e+02 4.115186544297713453e+02 9.599593910585554335e-01
5.088184570312500000e+03 8.108157348632812500e+02 4.525654296875000000e+03 1.336137939453125000e+03 7.696776774525828841e+02 8.195880653854258346e-01
9.985441406250000000e+03 2.031000000000000000e+03 9.768947265625000000e+03 2.059982421875000000e+03 2.184254877588642501e+02 1.437715945069904855e+00
2.673346862792968750e+02 2.151048828125000000e+03 3.150000000000000000e+02 2.612441894531250000e+03 4.638486217074006390e+02 1.029422129548936971e-01
9.000152343750000000e+03 2.623364990234375000e+03 9.273683593750000000e+03 2.853679199218750000e+03 3.575807315651402405e+02 8.709631308056833277e-01
6.186878906250000000e+03 3.037953125000000000e+03 5.349952636718750000e+03 3.169002197265625000e+03 8.471242175579538980e+02 1.415473783884213743e+00
3.828441894531250000e+03 4.376000000000000000e+03 2.972947753906250000e+03 4.494982421875000000e+03 8.637285692617489303e+02 1.432602473352569072e+00
6.070834472656250000e+03 4.804548828125000000e+03 6.080000000000000000e+03 5.379441406250000000e+03 5.749656366033523227e+02 1.594167544696620253e-02
3.810558349609375000e+03 4.883000000000000000e+03 4.232441406250000000e+03 4.883000000000000000e+03 4.218830566406250000e+02 1.570796326794896558e+00
9.754205078125000000e+03 5.484993164062500000e+03 9.229687500000000000e+03 5.645486328125000000e+03 5.485223290558990357e+02 1.273860139772219568e+00
