# Fibre lengths: [x0, y0, x1, y1, length01, angle01]
1.306185791015625000e+03 7.453477783203125000e+02 2.140676269531250000e+03 1.117738525390625000e+03 9.138102796734244748e+02 1.151065904602622814e+00
5.707000000000000000e+03 1.394058349609375000e+03 5.666834960937500000e+03 1.862951293945312500e+03 4.706100547278147133e+02 8.545070381812491789e-02
5.157771606445312500e+02 1.718112548828125000e+03 3.410856323242187500e+02 1.810920288085937500e+03 1.978140706143844056e+02 1.082449586035759026e+00
6.682206054687500000e+03 3.034498046875000000e+03 5.903671875000000000e+03 3.318503417968750000e+03 8.287186010653961148e+02 1.221002388704691466e+00
1.417885131835937500e+03 4.710773925781250000e+03 1.568005126953125000e+03 5.200695800781250000e+03 5.124055586520310044e+02 2.973327645211541470e-01
6.797441406250000000e+03 7.036000000000000000e+03 6.578892578125000000e+03 7.045990234375000000e+03 2.187770441743790855e+02 1.525116444725120646e+00
9.296713867187500000e+02 7.643496582031250000e+03 1.198206298828125000e+03 7.746501953125000000e+03 2.876127700498552144e+02 1.204522331396666868e+00
8.828911132812500000e+03 7.821732421875000000e+03 8.484460937500000000e+03 8.417742187500000000e+03 6.883847599788847447e+02 5.240312905132551435e-01
1.026005493164062500e+03 8.046304687500000000e+03 8.878850708007812500e+02 8.498226562500000000e+03 4.725575437735882929e+02 2.966129636505066003e-01
9.175283203125000000e+03 9.844270507812500000e+03 9.256550781250000000e+03 9.968216796875000000e+03 1.482130285321360930e+02 5.803492302223154375e-01
