# Fibre lengths: [x0, y0, x1, y1, length01, angle01]
4.892313964843750000e+03 2.107807617187500000e+02 5.225550781250000000e+03 7.642165527343750000e+02 6.460169893939812482e+02 5.419795949762862275e-01
5.632892578125000000e+03 4.440096435546875000e+02 6.604441406250000000e+03 5.109999694824218750e+02 9.738556511100425723e+02 1.501953197405053286e+00
2.378948593139648438e+01 7.422977905273437500e+02 1.310354919433593750e+02 1.203615600585937500e+03 4.736199190097210590e+02 2.284201252339994603e-01
4.633679199218750000e+03 1.416316162109375000e+03 4.089156738281250000e+03 2.063728027343750000e+03 8.459591205913461636e+02 6.992902440574786382e-01
1.272441650390625000e+03 2.591000000000000000e+03 1.037892944335937500e+03 2.605990478515625000e+03 2.350272536495621409e+02 1.506971128665493431e+00
6.623777343750000000e+03 5.198112304687500000e+03 5.822085937500000000e+03 5.623919921875000000e+03 9.077561554239106272e+02 1.082550849551035865e+00
8.594777343750000000e+03 5.430112304687500000e+03 7.991085937500000000e+03 5.764919921875000000e+03 6.903183718451031154e+02 1.064427847067335620e+00
2.604268554687500000e+03 6.314489257812500000e+03 2.327654785156250000e+03 6.480988281250000000e+03 3.228577121580475477e+02 1.028967151138951319e+00
8.657121093750000000e+03 8.368979492187500000e+03 9.410731445312500000e+03 8.877510742187500000e+03 9.091383801208247633e+02 9.771886435948324845e-01
1.159000976562500000e+03 8.734748046875000000e+03 7.698096923828125000e+02 9.251278320312500000e+03 6.467405809587432941e+02 6.457197177697673318e-01
