# Fibre lengths: [x0, y0, x1, y1, length01, angle01]
3.876085693359375000e+03 2.030079833984375000e+03 4.176777343750000000e+03 2.196887451171875000e+03 3.438607999851238901e+02 1.064316334932234875e+00
2.554094970703125000e+03 2.932465332031250000e+03 3.137736083984375000e+03 3.327024902343750000e+03 7.044957087430423144e+02 9.763386120585634265e-01
5.299834472656250000e+03 2.963048828125000000e+03 5.357000000000000000e+03 3.630941650390625000e+03 6.703347816952591529e+02 8.538277622666434752e-02
5.732000000000000000e+03 5.060558105468750000e+03 5.716000000000000000e+03 6.028441406250000000e+03 9.680155390959422448e+02 1.652941297700409248e-02
4.860124023437500000e+03 6.253237304687500000e+03 5.165738281250000000e+03 6.907176757812500000e+03 7.218288460097097641e+02 4.371826902021506145e-01
4.306441406250000000e+03 6.438000000000000000e+03 3.361393066406250000e+03 6.535990234375000000e+03 9.501149670825607245e+02 1.467477473187981385e+00
3.052393066406250000e+03 6.817009765625000000e+03 3.982941650390625000e+03 6.881000000000000000e+03 9.327461697861282346e+02 1.502138273466755214e+00
7.156000000000000000e+03 7.796558105468750000e+03 7.141834960937500000e+03 8.087451171875000000e+03 2.912377455187996702e+02 4.865657018323156502e-02
4.489121093750000000e+03 8.068979492187500000e+03 4.673731445312500000e+03 8.198510742187500000e+03 2.255201246687140895e+02 9.589660274601925494e-01
7.271441406250000000e+03 8.616000000000000000e+03 6.926393066406250000e+03 8.656990234375000000e+03 3.474745402803569618e+02 1.452554844196872974e+00
