# Fibre lengths: [x0, y0, x1, y1, length01, angle01]
3.672146972656250000e+03 1.154369964599609375e+02 3.791698730468750000e+03 1.935327453613281250e+02 1.427990503908343669e+02 9.921482122025382377e-01
3.573872558593750000e+03 1.209285644531250000e+03 3.727994384765625000e+03 1.655704833984375000e+03 4.722749517119648885e+02 3.324281378024149247e-01
3.011698730468750000e+03 2.812467285156250000e+03 2.651146484375000000e+03 3.046562988281250000e+03 4.298822168743855059e+02 9.949345631800047274e-01
4.600609375000000000e+03 3.340030273437500000e+03 4.230168945312500000e+03 3.432517333984375000e+03 3.818114303103836278e+02 1.326130312780698706e+00
9.583878906250000000e+03 3.387953125000000000e+03 9.330953125000000000e+03 3.427002197265625000e+03 2.559224118082057657e+02 1.417616307358664729e+00
4.617969726562500000e+03 3.928709960937500000e+03 4.677416992187500000e+03 4.234307617187500000e+03 3.113260427522607188e+02 1.921284163623247498e-01
2.463181152343750000e+03 4.472066406250000000e+03 1.522085937500000000e+03 4.723981445312500000e+03 9.742286129588192125e+02 1.309245466491855137e+00
4.523654296875000000e+03 6.013769531250000000e+03 5.121684570312500000e+03 6.677184570312500000e+03 8.931739595409336516e+02 7.336112938737048283e-01
4.443731445312500000e+03 7.938489257812500000e+03 3.877095214843750000e+03 8.320535156250000000e+03 6.834000923271454440e+02 9.775724915436536655e-01
7.981545410156250000e+02 9.368361328125000000e+03 1.408681640625000000e+03 9.899681640625000000e+03 8.093482648603958296e+02 8.546544484977207645e-01
