# Fibre lengths: [x0, y0, x1, y1, length01, angle01]
8.365375000000000000e+03 7.367952880859375000e+02 8.715501953125000000e+03 1.648206542968750000e+03 9.763500186058578265e+02 3.667763126015290420e-01
2.316731689453125000e+03 2.356489501953125000e+03 1.643121337890625000e+03 2.829020507812500000e+03 8.228222512977073393e+02 9.590709823134286882e-01
7.610307617187500000e+03 3.308583251953125000e+03 7.046261718750000000e+03 3.417668701171875000e+03 5.744975289550191064e+02 1.379756656291460271e+00
1.782941650390625000e+03 4.065000000000000000e+03 1.631892944335937500e+03 4.076990478515625000e+03 1.515238699869728407e+02 1.491580900784767572e+00
9.885216796875000000e+03 4.630448730468750000e+03 9.411648437500000000e+03 4.926548828125000000e+03 5.585179127236385739e+02 1.012015008083686718e+00
7.424169921875000000e+03 4.946003906250000000e+03 7.541705078125000000e+03 4.986994628906250000e+03 1.244779189197566893e+02 1.235232971230627141e+00
8.638038330078125000e+02 5.709588867187500000e+03 9.318873291015625000e+02 5.841777343750000000e+03 1.486914784924216235e+02 4.756139217892345061e-01
5.350196289062500000e+03 7.878361816406250000e+03 4.718165039062500000e+03 8.146611328125000000e+03 6.866012682146096040e+02 1.169413281658087778e+00
2.955551269531250000e+03 8.674783203125000000e+03 2.879283447265625000e+03 8.790729492187500000e+03 1.387815645556201787e+02 5.818290834915920140e-01
8.239216796875000000e+03 8.889449218750000000e+03 7.395146972656250000e+03 9.417562500000000000e+03 9.956693758418570042e+02 1.011711855707244423e+00
