# Fibre lengths: [x0, y0, x1, y1, length01, angle01]
8.748375000000000000e+03 2.677953186035156250e+02 8.941501953125000000e+03 7.702064819335937500e+02 5.382517970820240407e+02 3.669863681947613254e-01
8.079124023437500000e+03 9.112375488281250000e+02 8.150738281250000000e+03 1.064176269531250000e+03 1.688752622865281978e+02 4.379303169520251671e-01
3.703727050781250000e+03 1.162955078125000000e+03 4.438615722656250000e+03 1.346035522460937500e+03 7.573505193425602329e+02 1.326639691809234023e+00
9.035000976562500000e+03 1.905748168945312500e+03 8.600809570312500000e+03 2.481278808593750000e+03 7.209422268361676061e+02 6.463234485543944974e-01
5.952872070312500000e+03 2.362286621093750000e+03 6.230994140625000000e+03 3.169705078125000000e+03 8.539768443872677608e+02 3.317294777171859721e-01
8.521884765625000000e+03 5.052773925781250000e+03 8.567006835937500000e+03 5.198205078125000000e+03 1.522702246051972281e+02 3.008466268079373895e-01
6.222184570312500000e+03 6.814815429687500000e+03 5.961654296875000000e+03 7.083230468750000000e+03 3.740623698961737773e+02 7.704926873451618530e-01
3.027216796875000000e+03 6.907448730468750000e+03 2.362647949218750000e+03 7.307548828125000000e+03 7.757137625565868575e+02 1.028874787366324428e+00
2.443834472656250000e+03 6.930548828125000000e+03 2.459992187500000000e+03 7.051886718750000000e+03 1.224089680141794219e+02 1.323841487378860926e-01
1.393184326171875000e+03 8.330315429687500000e+03 1.021154541015625000e+03 8.665638671875000000e+03 5.008471201819396583e+02 8.372444778963592515e-01
