# Fibre lengths: [x0, y0, x1, y1, length01, angle01]
7.264313476562500000e+03 1.427806396484375000e+02 7.484550781250000000e+03 5.082165222167968750e+02 4.266706629761770273e+02 5.423805463281133887e-01
7.796251953125000000e+03 1.869999023437500000e+03 7.342581054687500000e+03 2.212021240234375000e+03 5.681518114656829539e+02 9.248042713743459542e-01
2.134387451171875000e+03 1.940222656250000000e+03 2.022804199218750000e+03 2.159411132812500000e+03 2.459561147323322530e+02 4.708807832042473662e-01
3.493834472656250000e+03 2.680548828125000000e+03 3.560000000000000000e+03 3.160441650390625000e+03 4.844326556609734666e+02 1.370118081881510352e-01
2.830701904296875000e+03 3.234366699218750000e+03 3.258697021484375000e+03 3.407692138671875000e+03 4.617591669885512715e+02 1.186012307599266347e+00
3.448024902343750000e+03 3.270264160156250000e+03 3.193832519531250000e+03 3.632740234375000000e+03 4.427218899726252630e+02 6.115755602855588169e-01
7.400050292968750000e+03 4.380876953125000000e+03 6.587685546875000000e+03 4.777652343750000000e+03 9.040836196401216966e+02 1.116455359503915501e+00
6.182085937500000000e+03 7.264080078125000000e+03 6.788782226562500000e+03 7.600393554687500000e+03 6.936765396636704963e+02 1.064630377588507981e+00
9.089238281250000000e+03 8.662247070312500000e+03 9.519611328125000000e+03 9.192720703125000000e+03 6.830982612961051927e+02 6.815930663557934199e-01
8.461146850585937500e+02 9.377250000000000000e+03 6.602385253906250000e+02 9.605753906250000000e+03 2.945572642194060791e+02 6.828876211807115570e-01
