# Fibre lengths: [x0, y0, x1, y1, length01, angle01]
1.277834716796875000e+03 4.615488891601562500e+02 1.347000000000000000e+03 9.594415283203125000e+02 5.026737674978017480e+02 1.380326794068258700e-01
6.508708496093750000e+02 1.361285888671875000e+03 9.060051879882812500e+02 2.145695800781250000e+03 8.248590430100646245e+02 3.144637799957117896e-01
9.991441406250000000e+03 1.667000000000000000e+03 9.324392578125000000e+03 1.688990478515625000e+03 6.674112077634612206e+02 1.537841442114671331e+00
3.402146728515625000e+03 2.299437011718750000e+03 4.055698730468750000e+03 2.724532714843750000e+03 7.796387471593978944e+02 9.941125645439817804e-01
8.420648437500000000e+03 2.726451416015625000e+03 8.825210937500000000e+03 2.969968505859375000e+03 4.721984640511010980e+02 1.028961123064503269e+00
2.187165039062500000e+03 3.660388427734375000e+03 2.567697021484375000e+03 3.822692138671875000e+03 4.136992678625449571e+02 1.167640687410452571e+00
6.853392578125000000e+03 5.269009765625000000e+03 7.488441406250000000e+03 5.290000000000000000e+03 6.353956279689475650e+02 1.537755410052420890e+00
5.977121093750000000e+03 5.412979492187500000e+03 6.696241699218750000e+03 5.916531250000000000e+03 8.778945369495132809e+02 9.599142100022102220e-01
9.067625000000000000e+03 7.931480468750000000e+03 9.378736328125000000e+03 8.149024902343750000e+03 3.796259199202906416e+02 9.605742464962455651e-01
5.915654296875000000e+03 8.418861328125000000e+03 6.455520507812500000e+03 8.940934570312500000e+03 7.510099839017996146e+02 8.021517588484680106e-01
