# Fibre lengths: [x0, y0, x1, y1, length01, angle01]
6.627184570312500000e+03 2.888157348632812500e+02 6.309654296875000000e+03 6.172307739257812500e+02 4.568171542660333557e+02 7.685488491668982514e-01
5.109654296875000000e+03 1.386362060546875000e+03 5.269184570312500000e+03 1.530684326171875000e+03 2.151251368347654989e+02 8.354070522448293623e-01
3.292253417968750000e+03 2.625485595703125000e+03 2.855581054687500000e+03 2.967021240234375000e+03 5.543729334473395056e+02 9.070455554453189517e-01
6.427968750000000000e+03 2.843789062500000000e+03 6.339362304687500000e+03 2.990238281250000000e+03 1.711679754609559154e+02 5.441111956888978751e-01
1.193184326171875000e+03 6.302815429687500000e+03 7.241545410156250000e+02 6.822230468750000000e+03 6.998434983394619167e+02 7.344679742423443347e-01
6.841050292968750000e+03 6.396876953125000000e+03 6.015631835937500000e+03 6.800194335937500000e+03 9.186841353188668791e+02 1.116292708542183654e+00
4.978687500000000000e+03 7.427013671875000000e+03 5.638205078125000000e+03 7.629006835937500000e+03 6.897569674775642170e+02 1.273593447241990306e+00
9.554738281250000000e+03 7.574823730468750000e+03 9.478580078125000000e+03 7.729341796875000000e+03 1.722669577985141132e+02 4.579319585467473974e-01
7.366955566406250000e+02 8.487728515625000000e+03 8.606116333007812500e+02 8.639721679687500000e+03 1.961048596454859876e+02 6.839852221647610975e-01
4.044809570312500000e+03 8.734721679687500000e+03 4.596000976562500000e+03 9.465251953125000000e+03 9.151428559151412401e+02 6.463804019673001777e-01
