# Fibre lengths: [x0, y0, x1, y1, length01, angle01]
8.485206298828125000e+02 1.940657348632812500e+02 4.636546020507812500e+02 5.661378173828125000e+02 5.353125199074150942e+02 8.022987884261254532e-01
7.988224487304687500e+02 2.782602844238281250e+02 1.180017089843750000e+03 8.022167358398437500e+02 6.479503973252481046e+02 6.289652898995528041e-01
5.902185546875000000e+03 1.780847656250000000e+03 6.678176757812500000e+03 2.143738281250000000e+03 8.566516008069664849e+02 1.133363749958701705e+00
4.329941406250000000e+03 3.510000000000000000e+03 3.462893066406250000e+03 3.584990478515625000e+03 8.702852380075198653e+02 1.484521636842100367e+00
7.981124023437500000e+03 4.465237304687500000e+03 8.098738769531250000e+03 4.726676757812500000e+03 2.866771985160249301e+02 4.227489281272790445e-01
9.600887695312500000e+03 4.984222656250000000e+03 9.531975585937500000e+03 5.113744628906250000e+03 1.467133948188724162e+02 4.889573209096660378e-01
8.481670532226562500e+02 7.449113281250000000e+03 7.274165039062500000e+02 7.510948242187500000e+03 1.356622923083492935e+02 1.097524796287555615e+00
3.759735839843750000e+03 8.880974609375000000e+03 3.341121337890625000e+03 9.175020507812500000e+03 5.115672894482009951e+02 9.584437283200073487e-01
9.620789062500000000e+03 8.947297851562500000e+03 9.686574218750000000e+03 9.229673828125000000e+03 2.899377155915774438e+02 2.288874162933970113e-01
5.357533203125000000e+03 9.040300781250000000e+03 5.259801757812500000e+03 9.189711914062500000e+03 1.785360524129081625e+02 5.792596817920421248e-01
