# Fibre lengths: [x0, y0, x1, y1, length01, angle01]
2.128346557617187500e+02 2.855488891601562500e+02 2.699920654296875000e+02 6.968868408203125000e+02 4.152901154084034374e+02 1.380707508846935883e-01
7.532184570312500000e+03 6.988157348632812500e+02 6.989654296875000000e+03 1.223137939453125000e+03 7.544884835583128506e+02 8.024635980431819027e-01
2.697251953125000000e+03 1.058999023437500000e+03 2.020581054687500000e+03 1.588021240234375000e+03 8.589225871153308844e+02 9.072510516889830123e-01
9.682206054687500000e+03 1.919498046875000000e+03 8.876169921875000000e+03 2.196996582031250000e+03 8.524668230571760432e+02 1.239230312068922535e+00
4.842892578125000000e+03 3.255009765625000000e+03 5.441441406250000000e+03 3.317000000000000000e+03 6.017503542231431766e+02 1.467596710642326219e+00
2.607697021484375000e+03 4.144308105468750000e+03 2.169165283203125000e+03 4.330611328125000000e+03 4.764650839800110589e+02 1.169066232999063759e+00
9.272955078125000000e+03 6.716751953125000000e+03 9.587902343750000000e+03 7.261772460937500000e+03 6.294752847100985491e+02 5.239833482563406308e-01
3.763615478515625000e+03 6.883964843750000000e+03 2.824708496093750000e+03 7.101074218750000000e+03 9.636818989445852139e+02 1.343554072453283510e+00
7.576804199218750000e+03 7.178588867187500000e+03 7.762387695312500000e+03 7.541777343750000000e+03 4.078567193637595665e+02 4.723961376030099690e-01
4.251057617187500000e+03 9.650570312500000000e+03 5.179878906250000000e+03 9.797046875000000000e+03 9.403001490893960863e+02 1.414382937301391419e+00
