# Fibre lengths: [x0, y0, x1, y1, length01, angle01]
2.681695800781250000e+03 2.999948120117187500e+02 1.981187011718750000e+03 5.279937744140625000e+02 7.366790959504385228e+02 1.256133750849737440e+00
3.459047119140625000e+03 1.269121337890625000e+03 3.346784423828125000e+03 1.980923583984375000e+03 7.206006871374288494e+02 1.564276094718408117e-01
4.487169921875000000e+03 2.911252929687500000e+03 4.575691894531250000e+03 3.116697265625000000e+03 2.237040786658889431e+02 4.068409808797371907e-01
5.459230468750000000e+03 3.019221679687500000e+03 5.298570312500000000e+03 3.929822021484375000e+03 9.246646247623297086e+02 1.746359653037676540e-01
4.518540039062500000e+03 3.144765625000000000e+03 4.279796875000000000e+03 3.472247558593750000e+03 4.052686950862046160e+02 6.299427034116641400e-01
7.509784179687500000e+03 4.569076171875000000e+03 7.546046875000000000e+03 4.802878906250000000e+03 2.365981861142515470e+02 1.538734981345433184e-01
1.365267578125000000e+03 5.120088867187500000e+03 1.193092041015625000e+03 5.218925781250000000e+03 1.985274569431134921e+02 1.049678269267610764e+00
4.672558105468750000e+03 6.245000000000000000e+03 5.224441406250000000e+03 6.245000000000000000e+03 5.518833007812500000e+02 1.570796326794896558e+00
3.108311035156250000e+03 6.362242187500000000e+03 3.539510498046875000e+03 7.000731445312500000e+03 7.704553907521969904e+02 5.939854949326545119e-01
3.173035644531250000e+03 7.792384277343750000e+03 3.134789550781250000e+03 7.944702148437500000e+03 1.570461637279498461e+02 2.460079844818031936e-01
