# Fibre lengths: [x0, y0, x1, y1, length01, angle01]
3.334307861328125000e+03 1.705583251953125000e+03 2.696737304687500000e+03 1.829253906250000000e+03 6.494541134131445688e+02 1.379203857214176043e+00
6.137393066406250000e+03 1.717009521484375000e+03 6.298441406250000000e+03 1.736000000000000000e+03 1.621641330278690418e+02 1.453420468484210026e+00
2.335123535156250000e+03 2.394737304687500000e+03 2.576738525390625000e+03 2.911176269531250000e+03 5.701640184322764071e+02 4.375968783966463493e-01
4.699788085937500000e+03 4.430963867187500000e+03 4.071581054687500000e+03 4.905021484375000000e+03 7.870036204017289947e+02 9.243449413978833684e-01
3.156834472656250000e+03 4.745048828125000000e+03 3.215000000000000000e+03 5.594941406250000000e+03 8.518806388944027503e+02 6.833212840279175027e-02
3.981081054687500000e+03 7.137776367187500000e+03 3.356238525390625000e+03 7.908752929687500000e+03 9.923875484620070893e+02 6.810840727770373082e-01
1.105685791015625000e+03 7.174347656250000000e+03 1.742176269531250000e+03 7.471738281250000000e+03 7.025391897103960446e+02 1.133702576364860493e+00
6.346911621093750000e+02 8.055053710937500000e+03 1.529648315429687500e+03 8.294912109375000000e+03 9.265421510002660170e+02 1.308939234256623063e+00
2.289216796875000000e+03 8.586449218750000000e+03 1.543657592773437500e+03 9.053041992187500000e+03 8.795267722159761661e+02 1.011600903748645974e+00
1.613501953125000000e+03 9.111793945312500000e+03 1.319375732421875000e+03 9.920205078125000000e+03 8.602550745914219306e+02 3.489441977175012921e-01
