# Fibre lengths: [x0, y0, x1, y1, length01, angle01]
3.367654541015625000e+03 3.488621215820312500e+02 3.610520507812500000e+03 5.839343872070312500e+02 3.379982956972584134e+02 8.017036395677150651e-01
8.689156250000000000e+03 8.272719116210937500e+02 8.939684570312500000e+03 1.114184326171875000e+03 3.808978510072772110e+02 7.178025013751654360e-01
3.182558349609375000e+03 2.009000000000000000e+03 4.093441650390625000e+03 2.024000000000000000e+03 9.110067989000659736e+02 1.554330283000219470e+00
9.630927734375000000e+03 3.495223632812500000e+03 9.749912109375000000e+03 3.936648437500000000e+03 4.571795486321956332e+02 2.632888125938011581e-01
7.720441406250000000e+03 4.942000000000000000e+03 7.437393066406250000e+03 4.980990234375000000e+03 2.857211946372204920e+02 1.433906682666530319e+00
4.607234375000000000e+03 5.149459960937500000e+03 4.123624511718750000e+03 5.501037109375000000e+03 5.979004860061189675e+02 9.421882120635521884e-01
2.985679199218750000e+03 6.729315917968750000e+03 2.700156738281250000e+03 7.068728027343750000e+03 4.435354052273540333e+02 6.993784924625201516e-01
2.288000000000000000e+03 7.761058593750000000e+03 2.190834472656250000e+03 8.696451171875000000e+03 9.404256562404724491e+02 1.035055128262532820e-01
2.412184570312500000e+03 8.059815429687500000e+03 2.160904785156250000e+03 8.303349609375000000e+03 3.499291744113867253e+02 8.010504559068201136e-01
8.586809570312500000e+03 9.319721679687500000e+03 8.840000976562500000e+03 9.655251953125000000e+03 4.203408766607121834e+02 6.464391116922200142e-01
