# Fibre lengths: [x0, y0, x1, y1, length01, angle01]
2.179156982421875000e+03 1.912720184326171875e+02 2.695679199218750000e+03 8.056839599609375000e+02 8.026812781779316310e+02 6.990568385740869584e-01
8.950934570312500000e+03 1.850479492187500000e+03 8.451654296875000000e+03 2.367230957031250000e+03 7.185491408818093078e+02 7.682043405482396059e-01
1.411000122070312500e+03 2.032558349609375000e+03 1.397834716796875000e+03 2.168451171875000000e+03 1.365290703085998416e+02 9.657939097090198488e-02
1.600687011718750000e+03 2.918014160156250000e+03 1.766205078125000000e+03 2.966006835937500000e+03 1.723355077617725328e+02 1.288581056215502452e+00
5.087051757812500000e+03 3.800283447265625000e+03 4.952313476562500000e+03 4.015219238281250000e+03 2.536765631541797177e+02 5.599478541165833212e-01
7.427213134765625000e+02 3.987388427734375000e+03 5.981151123046875000e+02 4.104573242187500000e+03 1.861269302271278434e+02 8.897629229884014279e-01
7.063154296875000000e+03 4.035928222656250000e+03 7.175615722656250000e+03 4.064035400390625000e+03 1.159206009686947283e+02 1.325886111510924614e+00
4.962011718750000000e+03 4.368785156250000000e+03 4.669313476562500000e+03 4.836219238281250000e+03 5.515132655014290322e+02 5.594479713012849853e-01
8.021941406250000000e+03 5.418000000000000000e+03 7.360892578125000000e+03 5.474990234375000000e+03 6.635008967435938985e+02 1.484797130764836659e+00
3.875311035156250000e+03 6.527242187500000000e+03 4.283510742187500000e+03 7.131731445312500000e+03 7.294067888572915308e+02 5.939422273615637682e-01
