# Fibre lengths: [x0, y0, x1, y1, length01, angle01]
8.635392578125000000e+03 2.760096435546875000e+02 9.163441406250000000e+03 2.930000610351562500e+02 5.283220979386971976e+02 1.538631578182702464e+00
5.734611816406250000e+03 8.992786254882812500e+02 5.136766601562500000e+03 1.636704101562500000e+03 9.493235663749519517e+02 6.812431317993985491e-01
2.139295578002929688e+01 1.088009521484375000e+03 2.509416503906250000e+02 1.110999877929687500e+03 2.306971167719940468e+02 1.470974612706207774e+00
7.972887695312500000e+03 1.348222656250000000e+03 7.625975585937500000e+03 2.000744384765625000e+03 7.390078604561869042e+02 4.886445811436710973e-01
9.606695312500000000e+03 2.824994873046875000e+03 8.956187500000000000e+03 3.035994140625000000e+03 6.838721408582457570e+02 1.257142624781114604e+00
7.455809936523437500e+02 4.452978515625000000e+03 9.867519531250000000e+02 4.641540527343750000e+03 3.061356953319615855e+02 9.072144272792785902e-01
7.168895507812500000e+03 5.734728027343750000e+03 7.019975585937500000e+03 6.003744140625000000e+03 3.074846538222784602e+02 5.055818735794262997e-01
8.971115234375000000e+03 6.137426757812500000e+03 9.289750000000000000e+03 6.396114257812500000e+03 4.104233625430558732e+02 8.888641138339673509e-01
9.491046875000000000e+03 7.745121093750000000e+03 9.382785156250000000e+03 8.430923828125000000e+03 6.942953191711225145e+02 1.565692640531796964e-01
7.589698730468750000e+03 8.579466796875000000e+03 7.264647949218750000e+03 8.790548828125000000e+03 3.875740371952968530e+02 9.948558812531006490e-01
