# Fibre lengths: [x0, y0, x1, y1, length01, angle01]
7.020737304687500000e+03 1.538746093750000000e+03 7.957232421875000000e+03 1.720952880859375000e+03 9.540557728900079155e+02 1.378634602826037892e+00
8.442902343750000000e+03 3.370227539062500000e+03 8.266460937500000000e+03 3.675741699218750000e+03 3.528037299908496038e+02 5.237281960382530466e-01
5.540654296875000000e+03 4.107769531250000000e+03 6.224184570312500000e+03 4.814184570312500000e+03 9.829729610315926038e+02 7.689351429549202699e-01
6.619267578125000000e+03 4.539088867187500000e+03 6.265091796875000000e+03 4.742925781250000000e+03 4.086440646315211893e+02 1.048567802330867327e+00
2.056545104980468750e+02 5.439862304687500000e+03 6.201843872070312500e+02 5.827184570312500000e+03 5.673213869873485464e+02 8.193161083540191347e-01
9.476085937500000000e+03 5.466080078125000000e+03 9.941777343750000000e+03 5.713887695312500000e+03 5.275197636025110342e+02 1.081777576295775534e+00
9.905738281250000000e+03 5.786823730468750000e+03 9.722580078125000000e+03 6.161341796875000000e+03 4.169061158542232874e+02 4.548496060277444908e-01
9.528581054687500000e+03 6.377978515625000000e+03 9.801251953125000000e+03 6.584000976562500000e+03 3.417523566348257873e+02 9.237387472820077772e-01
4.460992187500000000e+03 6.404113281250000000e+03 4.371834472656250000e+03 7.137451171875000000e+03 7.387378154274247208e+02 1.209841810947552415e-01
6.751806640625000000e+03 7.871826660156250000e+03 6.822574707031250000e+03 8.200673828125000000e+03 3.363756517703781128e+02 2.119677686087140800e-01
