# Fibre lengths: [x0, y0, x1, y1, length01, angle01]
7.041567382812500000e+02 3.481271972656250000e+03 9.696820068359375000e+02 3.785681640625000000e+03 4.039417212840034495e+02 7.172776956978409446e-01
9.943833984375000000e+03 3.635548828125000000e+03 9.958000000000000000e+03 4.522441406250000000e+03 8.870057052420221453e+02 1.597128159162859717e-02
3.100834472656250000e+03 3.771548828125000000e+03 3.114000000000000000e+03 4.561441406250000000e+03 7.900022886594684906e+02 1.666594770049419430e-02
4.102684082031250000e+03 5.253815429687500000e+03 3.966654541015625000e+03 5.403230468750000000e+03 2.020615993378504527e+02 7.385389818608339985e-01
6.981735839843750000e+03 6.055975097656250000e+03 6.210094726562500000e+03 6.576534179687500000e+03 9.308124223446658334e+02 9.773126124511081203e-01
6.617654296875000000e+03 6.181769531250000000e+03 6.963184570312500000e+03 6.551184570312500000e+03 5.058247136581425707e+02 7.520027618708400308e-01
7.710000000000000000e+03 7.092558593750000000e+03 7.614834472656250000e+03 8.001451171875000000e+03 9.138611470925565072e+02 1.043247893749323779e-01
4.722679199218750000e+03 7.610315917968750000e+03 4.363157226562500000e+03 8.037728027343750000e+03 5.585133481511684295e+02 6.993395526109760230e-01
1.271737304687500000e+03 8.237746093750000000e+03 1.850307617187500000e+03 8.350416015625000000e+03 5.894388159950668751e+02 1.378464970640241871e+00
7.561441406250000000e+03 9.199000000000000000e+03 6.931393066406250000e+03 9.208990234375000000e+03 6.301275389337724846e+02 1.554941357240956279e+00
