# Fibre lengths: [x0, y0, x1, y1, length01, angle01]
7.870311035156250000e+03 1.702418518066406250e+02 8.322510742187500000e+03 8.407315673828125000e+02 8.087280344668188263e+02 5.933593403877485128e-01
9.656778320312500000e+03 7.797696533203125000e+02 8.879737304687500000e+03 9.302539062500000000e+02 7.914785217195332052e+02 1.379501198258247907e+00
9.680855102539062500e+02 1.466079589843750000e+03 1.552777099609375000e+03 1.789887451171875000e+03 6.683680017183036171e+02 1.065032924483379384e+00
8.163000000000000000e+03 2.400558105468750000e+03 8.103834472656250000e+03 2.825451171875000000e+03 4.289926310625510268e+02 1.383583620270825709e-01
2.460778320312500000e+03 3.279769775390625000e+03 2.105737304687500000e+03 3.348253906250000000e+03 3.615856730507937300e+02 1.380245827466939357e+00
6.838963867187500000e+03 3.303789062500000000e+03 6.925912109375000000e+03 3.627648437500000000e+03 3.353280358020885501e+02 2.622901863109931564e-01
9.578833984375000000e+03 3.659048828125000000e+03 9.626000000000000000e+03 4.571441406250000000e+03 9.136108852501276942e+02 5.164889450289814748e-02
4.440902343750000000e+03 3.852227294921875000e+03 4.296954101562500000e+03 4.100247070312500000e+03 2.867662905811755536e+02 5.258757079115294886e-01
6.365441513061523438e+01 9.007269531250000000e+03 2.346820068359375000e+02 9.202681640625000000e+03 2.596850585130176228e+02 7.189517055556644554e-01
6.417166992187500000e+03 9.099113281250000000e+03 5.871526367187500000e+03 9.377447265625000000e+03 6.125304061909525899e+02 1.099097474496841587e+00
