# Fibre lengths: [x0, y0, x1, y1, length01, angle01]
3.073752136230468750e+02 7.157958374023437500e+02 6.305018920898437500e+02 1.601706420898437500e+03 9.429996883813769273e+02 3.497450559706022921e-01
2.163832275390625000e+03 1.317259765625000000e+03 2.321510742187500000e+03 1.540731445312500000e+03 2.734997084345170038e+02 6.144650624484020440e-01
5.654832031250000000e+03 1.899259765625000000e+03 6.198024902343750000e+03 2.673736083984375000e+03 9.459767771497158719e+02 6.116434646501822670e-01
4.422063598632812500e+02 2.182498046875000000e+03 1.546715087890625000e+02 2.287503417968750000e+03 3.061085077890016919e+02 1.220652226560722697e+00
4.563834472656250000e+03 2.305548828125000000e+03 4.579000000000000000e+03 2.439441894531250000e+03 1.347491983326153218e+02 1.127852896195973287e-01
3.686441650390625000e+03 3.483000000000000000e+03 2.979558349609375000e+03 3.494000000000000000e+03 7.069688825707926298e+02 1.555236315372439337e+00
4.454670898437500000e+03 4.094496093750000000e+03 5.127706542968750000e+03 4.339501953125000000e+03 7.162435688630490631e+02 1.221676792845035608e+00
8.209313476562500000e+03 4.567780761718750000e+03 8.348550781250000000e+03 4.789216796875000000e+03 2.615739755448918800e+02 5.613218155317470925e-01
6.326558105468750000e+03 7.014000000000000000e+03 6.769441406250000000e+03 7.014000000000000000e+03 4.428833007812500000e+02 1.570796326794896558e+00
8.568638671875000000e+03 9.243802734375000000e+03 8.510197265625000000e+03 9.387252929687500000e+03 1.548978905591420130e+02 3.868681491734114464e-01
