# Fibre lengths: [x0, y0, x1, y1, length01, angle01]
6.771721191406250000e+03 4.903883666992187500e+02 6.595192382812500000e+03 6.340769653320312500e+02 2.276155391017720149e+02 8.875968433337011465e-01
6.588520507812500000e+03 1.086065917968750000e+03 6.495654296875000000e+03 1.176137939453125000e+03 1.293719528652557642e+02 8.006709260001561024e-01
2.619000976562500000e+03 1.220748168945312500e+03 2.055865478515625000e+03 1.940709838867187500e+03 9.140385086620786979e+02 6.637766946436088888e-01
8.751705078125000000e+03 2.815005371093750000e+03 7.962169921875000000e+03 3.086996093750000000e+03 8.350716832498758322e+02 1.239034348254516971e+00
1.591545654296875000e+03 3.837801757812500000e+03 1.634416748046875000e+03 4.059307617187500000e+03 2.256164364951688697e+02 1.911800729599174020e-01
7.383205078125000000e+03 3.863993164062500000e+03 6.634687011718750000e+03 4.078985839843750000e+03 7.787818349038021779e+02 1.291101053279436472e+00
6.128186523437500000e+03 5.273004882812500000e+03 6.703695800781250000e+03 5.460004882812500000e+03 6.051280263784890394e+02 1.256628102294555793e+00
1.480154418945312500e+03 7.258928710937500000e+03 2.037615600585937500e+03 7.398035156250000000e+03 5.745551080302406035e+02 1.326254734865187634e+00
2.175545898437500000e+03 8.219801757812500000e+03 2.338953125000000000e+03 9.061232421875000000e+03 8.571507942698926854e+02 1.918140611689083397e-01
8.815953125000000000e+03 9.589998046875000000e+03 9.312878906250000000e+03 9.668046875000000000e+03 5.030177448585771458e+02 1.415005717026736498e+00
