# Fibre lengths: [x0, y0, x1, y1, length01, angle01]
7.209777343750000000e+03 4.251126403808593750e+02 6.604085449218750000e+03 7.609204101562500000e+02 6.925529072514075324e+02 1.064565888644429137e+00
1.307681640625000000e+03 6.543179931640625000e+02 1.087154541015625000e+03 8.466378173828125000e+02 2.926074442827012376e+02 8.536159565448203645e-01
6.511581054687500000e+03 1.268978759765625000e+03 7.128251953125000000e+03 1.751000976562500000e+03 7.827058288178816383e+02 9.073435709891093381e-01
1.581963745117187500e+03 1.943789184570312500e+03 1.644006835937500000e+03 2.160205078125000000e+03 2.251337027226518614e+02 2.791964561605057571e-01
5.165000976562500000e+03 2.326748046875000000e+03 4.994809570312500000e+03 2.552278808593750000e+03 2.825406859954724155e+02 6.464552645101504513e-01
2.019184326171875000e+03 4.393815429687500000e+03 1.488654541015625000e+03 4.961230468750000000e+03 7.768022138821664839e+02 7.518159777480305506e-01
9.949998779296875000e+02 7.465058105468750000e+03 9.648345947265625000e+02 7.912951171875000000e+03 4.489077224168884754e+02 6.724774283642830086e-02
8.699230468750000000e+03 8.524221679687500000e+03 8.553546875000000000e+03 9.352199218750000000e+03 8.406964462158197193e+02 1.741683962379529382e-01
6.745501953125000000e+03 9.163793945312500000e+03 6.556375976562500000e+03 9.656205078125000000e+03 5.274820932774957782e+02 3.667086125965405841e-01
4.190682128906250000e+03 9.218318359375000000e+03 3.864156738281250000e+03 9.592728515625000000e+03 4.967915013624510721e+02 7.171886384613471721e-01
