# Fibre lengths: [x0, y0, x1, y1, length01, angle01]
2.072154541015625000e+03 2.360362060546875000e+03 2.355681640625000000e+03 2.607682128906250000e+03 3.762377339212407605e+02 8.534988215019789770e-01
8.196772460937500000e+03 2.700097656250000000e+03 7.480091796875000000e+03 3.113925781250000000e+03 8.275777252210704091e+02 1.047142768403546143e+00
2.379671386718750000e+03 2.958496582031250000e+03 3.069206542968750000e+03 3.223001953125000000e+03 7.385267923658249174e+02 1.204507727888133095e+00
4.203216796875000000e+03 3.692448730468750000e+03 3.380647949218750000e+03 4.207548828125000000e+03 9.705398599439433838e+02 1.011328018833038467e+00
4.613735839843750000e+03 3.869975097656250000e+03 3.892624755859375000e+03 4.375519531250000000e+03 8.806681382806725651e+02 9.593571714787074711e-01
7.149520507812500000e+03 5.833065429687500000e+03 6.496904296875000000e+03 6.485442382812500000e+03 9.227695312195120323e+02 7.855815036757025638e-01
3.125697021484375000e+03 7.746308105468750000e+03 2.208165283203125000e+03 8.136611328125000000e+03 9.970963325422807202e+02 1.168600563584170970e+00
9.692833984375000000e+03 8.147548828125000000e+03 9.735000000000000000e+03 8.961441406250000000e+03 8.149841112565612775e+02 5.176156182395606070e-02
5.537685546875000000e+03 8.451347656250000000e+03 5.896676269531250000e+03 8.619738281250000000e+03 3.965220568154402372e+02 1.132200078504790097e+00
9.022581054687500000e+03 9.309978515625000000e+03 9.764251953125000000e+03 9.869000976562500000e+03 9.287528376385760112e+02 9.249098344003945371e-01
