# Fibre lengths: [x0, y0, x1, y1, length01, angle01]
4.313684570312500000e+03 4.348155517578125000e+02 3.798156738281250000e+03 1.026727905273437500e+03 7.849389656802921991e+02 7.165332835091658970e-01
3.799048156738281250e+02 7.056506958007812500e+02 5.771843872070312500e+02 8.901843872070312500e+02 2.701331386711769369e+02 8.187682683546488871e-01
2.772580322265625000e+03 8.336580810546875000e+02 2.843122558593750000e+03 9.760504150390625000e+02 1.589080988612312240e+02 4.599668986291338135e-01
2.734624511718750000e+03 1.728962890625000000e+03 3.268216796875000000e+03 2.117017089843750000e+03 6.597778325387828318e+02 9.420158739715651652e-01
7.623205078125000000e+03 1.746993164062500000e+03 7.376687500000000000e+03 1.817985595703125000e+03 2.565362385217034102e+02 1.290402084932062543e+00
9.388580078125000000e+03 1.871657958984375000e+03 9.777123046875000000e+03 2.666050292968750000e+03 8.843216715981839116e+02 4.548954152492028502e-01
1.642682128906250000e+03 2.754318359375000000e+03 1.219156738281250000e+03 3.240728027343750000e+03 6.449559067079923125e+02 7.163993363846868911e-01
8.738123046875000000e+03 3.628237548828125000e+03 9.118738281250000000e+03 4.481676269531250000e+03 9.344654122190520411e+02 4.195045312505032431e-01
6.049777343750000000e+03 8.728112304687500000e+03 5.571084960937500000e+03 8.993919921875000000e+03 5.475400320685288307e+02 1.063909513426123166e+00
3.145441650390625000e+03 9.300000000000000000e+03 2.562393066406250000e+03 9.318990234375000000e+03 5.833577635446383738e+02 1.538237250334141937e+00
