# Fibre lengths: [x0, y0, x1, y1, length01, angle01]
7.895615722656250000e+03 1.018964599609375000e+03 6.939154296875000000e+03 1.240071777343750000e+03 9.816857150092192796e+02 1.343615031573745622e+00
1.716216796875000000e+03 2.599982910156250000e+03 1.432630615234375000e+03 2.806525146484375000e+03 3.508287585203536310e+02 9.413136839404919742e-01
8.905699218750000000e+03 3.438467041015625000e+03 8.452146484375000000e+03 3.733562988281250000e+03 5.411023017430584332e+02 9.939769081784755045e-01
9.094242187500000000e+03 4.182468750000000000e+03 8.409121093750000000e+03 4.663020507812500000e+03 8.368517820007793944e+02 9.591237300363166796e-01
7.772157226562500000e+03 7.093271972656250000e+03 8.293679687500000000e+03 7.712684082031250000e+03 8.097265208097689992e+02 6.998099891702602715e-01
7.140068359375000000e+02 7.125794921875000000e+03 6.268852539062500000e+02 7.410226562500000000e+03 2.974752565243989579e+02 2.972270904799434454e-01
9.504871093750000000e+03 7.349286132812500000e+03 9.741004882812500000e+03 8.076695312500000000e+03 7.647766216554052789e+02 3.138909261092255321e-01
2.263615722656250000e+03 7.495964843750000000e+03 1.889708374023437500e+03 7.576074218750000000e+03 3.823927527091880165e+02 1.359737841940708236e+00
9.707789062500000000e+03 7.591297851562500000e+03 9.905035156250000000e+03 8.442615234375000000e+03 8.738691594159611213e+02 2.276777559343927115e-01
9.010747070312500000e+02 8.491826171875000000e+03 7.527894897460937500e+02 9.189702148437500000e+03 7.134559442098503723e+02 2.093669833273174297e-01
