# Fibre lengths: [x0, y0, x1, y1, length01, angle01]
6.986243896484375000e+02 1.209629364013671875e+02 1.351728515625000000e+03 5.960339355468750000e+02 8.076121925755707025e+02 9.419137401954685851e-01
7.610000000000000000e+03 2.775583496093750000e+02 7.579834472656250000e+03 5.714511108398437500e+02 2.954368192077552067e+02 1.022830853013372149e-01
3.204238769531250000e+03 2.804247070312500000e+03 3.619611572265625000e+03 3.315721191406250000e+03 6.588932704164112693e+02 6.820810672364417959e-01
2.152893066406250000e+03 3.142009765625000000e+03 2.548941650390625000e+03 3.169000000000000000e+03 3.969671946491875474e+02 1.502752737440191888e+00
2.933185791015625000e+03 3.694347656250000000e+03 3.102676269531250000e+03 3.770738525390625000e+03 1.859101589357494788e+02 1.147353025401582460e+00
2.130624511718750000e+03 4.478962890625000000e+03 2.509234375000000000e+03 4.754540039062500000e+03 4.682821727492844843e+02 9.416122871758418889e-01
1.827766601562500000e+03 6.529295898437500000e+03 2.169611572265625000e+03 6.949721191406250000e+03 5.418629079046467041e+02 6.826738011155402130e-01
3.213307128906250000e+03 6.580326171875000000e+03 3.284074707031250000e+03 6.911173339843750000e+03 3.383310489248958106e+02 2.107226995256172020e-01
7.714176757812500000e+03 7.840261718750000000e+03 7.420631347656250000e+03 7.984194335937500000e+03 3.269334888234064920e+02 1.114918730600077401e+00
4.058176269531250000e+03 8.425261718750000000e+03 3.251685546875000000e+03 8.801652343750000000e+03 8.899984204022448466e+02 1.134140364804886447e+00
