# Fibre lengths: [x0, y0, x1, y1, length01, angle01]
7.199872070312500000e+03 9.528628540039062500e+01 7.326501953125000000e+03 4.627064208984375000e+02 3.886292361499718595e+02 3.318971762037687401e-01
2.800834472656250000e+03 8.130488281250000000e+02 2.811500000000000000e+03 9.449415893554687500e+02 1.323232932575278653e+02 8.068957028932885467e-02
7.430969726562500000e+03 2.438391113281250000e+03 7.231329101562500000e+03 3.238144531250000000e+03 8.242947947810229152e+02 2.446282544603803899e-01
8.425687500000000000e+03 5.018014648437500000e+03 8.952205078125000000e+03 5.179006835937500000e+03 5.505808246848509953e+02 1.274056294113213195e+00
9.199695312500000000e+03 5.279995117187500000e+03 8.500187500000000000e+03 5.506994140625000000e+03 7.354180691213085765e+02 1.257005425153338241e+00
2.368038635253906250e+02 6.303588867187500000e+03 4.788442382812500000e+02 6.778173828125000000e+03 5.327423656515456969e+02 4.716189869097702769e-01
3.851544799804687500e+02 6.722769531250000000e+03 7.386820068359375000e+02 7.114681640625000000e+03 5.278037644042585725e+02 7.339510586527770997e-01
5.823123535156250000e+03 7.553737304687500000e+03 6.073738281250000000e+03 8.090176757812500000e+03 5.920937745228231961e+02 4.370500823400921275e-01
2.016176269531250000e+03 7.598261718750000000e+03 1.813631347656250000e+03 7.698194335937500000e+03 2.258560899229712504e+02 1.112454743880697317e+00
6.289000976562500000e+03 8.837748046875000000e+03 5.690866210937500000e+03 9.602708984375000000e+03 9.710460513024871716e+02 6.636160839101283848e-01
