# Fibre lengths: [x0, y0, x1, y1, length01, angle01]
5.688558105468750000e+03 1.232000000000000000e+03 6.542441406250000000e+03 1.232000000000000000e+03 8.538833007812500000e+02 1.570796326794896558e+00
4.490230468750000000e+03 3.247221679687500000e+03 4.355546875000000000e+03 4.012199951171875000e+03 7.767441189147409659e+02 1.742759094501662998e-01
6.596867065429687500e+02 3.985013671875000000e+03 1.546205200195312500e+03 4.239006835937500000e+03 9.221862973272269528e+02 1.291764549596995382e+00
8.330184570312500000e+03 5.584815429687500000e+03 8.098654296875000000e+03 5.824230468750000000e+03 3.330552933783546905e+02 7.686573044978105562e-01
2.292953125000000000e+03 6.369768066406250000e+03 2.244547119140625000e+03 6.617200195312500000e+03 2.521225888696547486e+02 1.931934690351282680e-01
6.826975585937500000e+03 6.431255859375000000e+03 7.036895507812500000e+03 6.810272460937500000e+03 4.332666129071024557e+02 5.057974431507736846e-01
5.210738769531250000e+03 7.467323242187500000e+03 4.912124023437500000e+03 8.135762695312500000e+03 7.321079627204472899e+02 4.201347449127063038e-01
4.117676269531250000e+03 8.419261718750000000e+03 3.674185791015625000e+03 8.617652343750000000e+03 4.858422013595655926e+02 1.150157421565463967e+00
4.516416992187500000e+03 8.611692382812500000e+03 4.345570312500000000e+03 9.490822265625000000e+03 8.955768748768377918e+02 1.919436253266867676e-01
