# Fibre lengths: [x0, y0, x1, y1, length01, angle01]
3.682952636718750000e+03 3.579978027343750000e+02 4.444878906250000000e+03 4.780469970703125000e+02 7.713257737574407429e+02 1.414520944302233962e+00
2.233551269531250000e+03 2.130783447265625000e+03 1.916313232421875000e+03 2.638219238281250000e+03 5.984405185084498271e+02 5.587277927352669593e-01
5.035156738281250000e+03 2.281271972656250000e+03 5.644681640625000000e+03 2.980681640625000000e+03 9.277362180196023473e+02 7.168356245088970402e-01
1.490441650390625000e+03 2.334000000000000000e+03 6.963929443359375000e+02 2.346990478515625000e+03 7.941549597648991039e+02 1.554437985467163941e+00
2.708006835937500000e+03 2.748794921875000000e+03 2.527885253906250000e+03 3.338226074218750000e+03 6.163382737318212321e+02 2.965731475982734122e-01
5.364520507812500000e+03 4.614065429687500000e+03 5.121904296875000000e+03 4.856442382812500000e+03 3.429419968680242050e+02 7.858914853879827023e-01
2.082558349609375000e+03 5.978000000000000000e+03 2.838441650390625000e+03 6.003000000000000000e+03 7.562966113899742595e+02 1.537734490042813817e+00
3.641185546875000000e+03 6.904847656250000000e+03 4.203176757812500000e+03 7.167738281250000000e+03 6.204398454998585066e+02 1.133251854251592139e+00
8.130638183593750000e+03 6.898803710937500000e+03 8.035169921875000000e+03 7.122747070312500000e+03 2.434436633058255381e+02 4.029758068660516668e-01
9.486483154296875000e+02 9.181087890625000000e+03 3.380859375000000000e+02 9.344981445312500000e+03 6.321768064483693479e+02 1.308547941800134007e+00
