# Fibre lengths: [x0, y0, x1, y1, length01, angle01]
6.750654296875000000e+03 1.743862060546875000e+03 7.113184570312500000e+03 2.071684326171875000e+03 4.887695131635938992e+02 8.356316410038165943e-01
7.824777343750000000e+03 1.922112548828125000e+03 7.082085449218750000e+03 2.316920410156250000e+03 8.411090877935545222e+02 1.082196958432553924e+00
8.630789062500000000e+03 2.008297607421875000e+03 8.761571289062500000e+03 2.572235595703125000e+03 5.789041763637125086e+02 2.278806028760674007e-01
4.400154296875000000e+03 2.342769287109375000e+03 4.832681640625000000e+03 2.838681640625000000e+03 6.580341673962202549e+02 7.172334691409976148e-01
1.920479492187500000e+03 3.750065673828125000e+03 2.545520507812500000e+03 4.374934570312500000e+03 8.838197831046395549e+02 7.855358686335374152e-01
3.397887695312500000e+03 4.861222656250000000e+03 3.294975585937500000e+03 5.054744628906250000e+03 2.191840691217734047e+02 4.887512108713943926e-01
2.844074707031250000e+03 7.353826660156250000e+03 2.646806884765625000e+03 8.281173828125000000e+03 9.480967058486614860e+02 2.095984912624214436e-01
2.897307861328125000e+03 7.422583007812500000e+03 2.066261718750000000e+03 7.583668945312500000e+03 8.465142469883393233e+02 1.379335492408141128e+00
2.721558349609375000e+03 8.707000000000000000e+03 3.655441650390625000e+03 8.722000000000000000e+03 9.340037577430204010e+02 1.554735743793099534e+00
2.300000000000000000e+02 9.124058593750000000e+03 1.688346252441406250e+02 9.829951171875000000e+03 7.085376030395168527e+02 8.643380393261955452e-02
