# Fibre lengths: [x0, y0, x1, y1, length01, angle01]
2.426047119140625000e+03 1.727121337890625000e+03 2.305784423828125000e+03 2.489923583984375000e+03 7.722243084295502058e+02 1.563719375576028969e-01
3.393313476562500000e+03 2.371780761718750000e+03 3.769551269531250000e+03 2.997216552734375000e+03 7.298799939314246785e+02 5.415665193380233555e-01
2.260122558593750000e+03 2.563949707031250000e+03 2.054123535156250000e+03 3.003262695312500000e+03 4.852128392054412416e+02 4.384691657384350294e-01
9.787969726562500000e+03 3.069709472656250000e+03 9.863416015625000000e+03 3.459307617187500000e+03 3.968360577814156613e+02 1.912839066717287317e-01
7.341631347656250000e+03 4.608805664062500000e+03 7.935176757812500000e+03 4.898738769531250000e+03 6.605735080703012727e+02 1.116409778432318811e+00
8.047216796875000000e+03 5.050982910156250000e+03 7.838624511718750000e+03 5.203037109375000000e+03 2.581302402407777095e+02 9.409012181237934591e-01
4.493834472656250000e+03 5.875048828125000000e+03 4.527500000000000000e+03 6.368941406250000000e+03 4.950386312787033489e+02 6.805838724433008191e-02
2.016624633789062500e+03 6.060480468750000000e+03 2.535735839843750000e+03 6.424024902343750000e+03 6.337515281626962178e+02 9.598550172544595416e-01
8.621154296875000000e+03 9.355361328125000000e+03 8.872681640625000000e+03 9.574681640625000000e+03 3.337175514248963282e+02 8.536940136115221955e-01
3.375000000000000000e+03 9.691558593750000000e+03 3.349834472656250000e+03 9.935951171875000000e+03 2.456848306450222310e+02 1.026100886144370866e-01
