# Fibre lengths: [x0, y0, x1, y1, length01, angle01]
5.135017089843750000e+03 4.747832641601562500e+02 4.990796875000000000e+03 6.722476806640625000e+02 2.445233448053693905e+02 6.308129080971136560e-01
6.267251953125000000e+03 1.022999145507812500e+03 5.624581054687500000e+03 1.525021240234375000e+03 8.155072453952258229e+02 9.076557035889752933e-01
4.596885253906250000e+03 2.593773925781250000e+03 4.684760742187500000e+03 2.820083007812500000e+03 2.427712957713393962e+02 3.703783984373766880e-01
4.682037109375000000e+03 2.834296386718750000e+03 5.044697265625000000e+03 2.976691894531250000e+03 3.896137440805370034e+02 1.196649344246609070e+00
1.665654541015625000e+03 3.571862060546875000e+03 1.917184326171875000e+03 3.806684326171875000e+03 3.441056948874972363e+02 8.197373872533046946e-01
9.554581054687500000e+03 3.954978759765625000e+03 9.643251953125000000e+03 4.022000976562500000e+03 1.111508244417501032e+02 9.235594351774424338e-01
8.265738281250000000e+03 4.734323730468750000e+03 7.957123535156250000e+03 5.393262695312500000e+03 7.276287658523833670e+02 4.380094157918562603e-01
4.360198242187500000e+03 7.844747070312500000e+03 4.468638183593750000e+03 8.110196289062500000e+03 2.867446749761471665e+02 3.878251243657827030e-01
7.745169433593750000e+03 8.269003906250000000e+03 8.614705078125000000e+03 8.568994140625000000e+03 9.198295373767597312e+02 1.238582326924740684e+00
7.613095214843750000e+03 9.327464843750000000e+03 8.280731445312500000e+03 9.778510742187500000e+03 8.057174062485019022e+02 9.766439793043203421e-01
