# Fibre lengths: [x0, y0, x1, y1, length01, angle01]
9.803216796875000000e+03 5.944879913330078125e+01 9.640648437500000000e+03 1.615486450195312500e+02 1.919709613453846373e+02 1.010012106324649883e+00
9.199343872070312500e+02 7.964794921875000000e+02 2.426545257568359375e+02 1.497230712890625000e+03 9.745564550311672747e+02 7.683672776537400217e-01
9.275953125000000000e+03 3.150768066406250000e+03 9.194546875000000000e+03 3.567199707031250000e+03 4.243139036759126270e+02 1.930507244283647672e-01
1.527777221679687500e+03 3.645112548828125000e+03 6.680855712890625000e+02 4.101920410156250000e+03 9.735210094921075097e+02 1.082374681057613808e+00
3.315885253906250000e+03 4.455773925781250000e+03 3.379007080078125000e+03 4.674205078125000000e+03 2.273687165233839380e+02 2.813145679699446400e-01
3.448854003906250000e+03 5.232083984375000000e+03 3.387570068359375000e+03 5.580821777343750000e+03 3.540815852325961828e+02 1.739545630622713057e-01
4.357872070312500000e+03 5.848286621093750000e+03 4.674501953125000000e+03 6.767706054687500000e+03 9.724127608992539535e+02 3.316596033556465928e-01
7.320009765625000000e+02 6.134748046875000000e+03 4.888095703125000000e+02 6.456278808593750000e+03 4.031427672739424679e+02 6.475559315034495889e-01
4.450777343750000000e+03 6.599112304687500000e+03 4.012085449218750000e+03 6.831919921875000000e+03 4.966386663842626490e+02 1.082902390945793991e+00
9.420708984375000000e+03 6.991925292968750000e+03 9.557173828125000000e+03 7.021074707031250000e+03 1.395433334842585396e+02 1.360355027027703612e+00
