# Fibre lengths: [x0, y0, x1, y1, length01, angle01]
5.787184570312500000e+03 3.268157348632812500e+02 5.075654296875000000e+03 9.911379394531250000e+02 9.734471334022991869e+02 8.196965759012255770e-01
2.945062011718750000e+03 1.416818115234375000e+03 3.818778320312500000e+03 1.570230346679687500e+03 8.870825782641203432e+02 1.396982263538514513e+00
3.499000000000000000e+03 2.269558349609375000e+03 3.481834472656250000e+03 2.415451171875000000e+03 1.468991862387885305e+02 1.171200073271585901e-01
8.416974609375000000e+03 2.496255615234375000e+03 8.873887695312500000e+03 3.320777343750000000e+03 9.426588189240703741e+02 5.060278618629916458e-01
3.430789550781250000e+03 2.501297607421875000e+03 3.649035400390625000e+03 3.373615722656250000e+03 8.992052852590281873e+02 2.451581047749585018e-01
1.058024902343750000e+03 2.507264160156250000e+03 9.913108520507812500e+02 2.601758056640625000e+03 1.156713489991905561e+02 6.147510700215929047e-01
3.632283203125000000e+03 2.586270019531250000e+03 3.873073730468750000e+03 2.991895507812500000e+03 4.717118980923458480e+02 5.357208136302847867e-01
9.768267578125000000e+03 3.385088378906250000e+03 9.074091796875000000e+03 3.785925781250000000e+03 8.015925638326076523e+02 1.047138315877033099e+00
6.778239257812500000e+03 8.399247070312500000e+03 7.342114257812500000e+03 9.094750000000000000e+03 8.953654789128826224e+02 6.812580635923967121e-01
