# Fibre lengths: [x0, y0, x1, y1, length01, angle01]
7.219000976562500000e+03 3.267481079101562500e+02 6.787809570312500000e+03 8.782786865234375000e+02 7.000800011208385740e+02 6.635498433249367167e-01
2.348724212646484375e+02 2.447285644531250000e+03 3.739945373535156250e+02 2.851705078125000000e+03 4.276798352194475683e+02 3.313236885552798272e-01
3.782721191406250000e+03 2.611388427734375000e+03 3.455115234375000000e+03 2.877572998046875000e+03 4.221135967424070827e+02 8.884710747505444317e-01
1.236558349609375000e+03 4.509000000000000000e+03 2.045441650390625000e+03 4.522000000000000000e+03 8.089877590438375137e+02 1.554726170710321709e+00
6.630393066406250000e+03 5.453009765625000000e+03 7.571941406250000000e+03 5.534000000000000000e+03 9.450252347565324271e+02 1.484989405432078025e+00
5.478123046875000000e+03 6.588949707031250000e+03 5.288580078125000000e+03 6.976341796875000000e+03 4.312762087990381588e+02 4.550344044959418466e-01
4.889777343750000000e+03 6.829112304687500000e+03 4.630085937500000000e+03 6.966919921875000000e+03 2.939907580775271185e+02 1.082923299700784936e+00
1.986334716796875000e+03 7.582548828125000000e+03 2.079000000000000000e+03 8.472441406250000000e+03 8.947042278390521233e+02 1.037569221688550702e-01
2.321884765625000000e+03 7.852773925781250000e+03 2.472004882812500000e+03 8.313695312500000000e+03 4.847520751055370170e+02 3.148610140602073337e-01
5.379441406250000000e+03 9.129000000000000000e+03 5.119392578125000000e+03 9.154990234375000000e+03 2.613443806399005211e+02 1.471183446461769240e+00
