# Fibre lengths: [x0, y0, x1, y1, length01, angle01]
5.438708984375000000e+03 3.375371093750000000e+02 4.766085937500000000e+03 5.179815063476562500e+02 6.964064499889658464e+02 1.308697905949719242e+00
6.220085937500000000e+03 2.115018554687500000e+03 6.459648437500000000e+03 2.178912109375000000e+03 2.479366405694296702e+02 1.310154101364620294e+00
8.889778320312500000e+03 2.864769775390625000e+03 8.375737304687500000e+03 2.964253906250000000e+03 5.235792757908077419e+02 1.379626265611344493e+00
4.301541748046875000e+02 3.133928222656250000e+03 1.369615478515625000e+03 3.368035644531250000e+03 9.681910070576020644e+02 1.326577095430883979e+00
5.380393066406250000e+03 3.242009521484375000e+03 5.981941406250000000e+03 3.304000000000000000e+03 6.047340114425250022e+02 1.468107276377989878e+00
5.076698730468750000e+03 5.253466796875000000e+03 4.430146484375000000e+03 5.673562988281250000e+03 7.710451458656034447e+02 9.945981026572364714e-01
5.891542358398437500e+02 5.864928222656250000e+03 1.127615478515625000e+03 5.999035156250000000e+03 5.549100643364337202e+02 1.326706453227597837e+00
2.762681640625000000e+03 5.867317871093750000e+03 2.361154541015625000e+03 6.217637695312500000e+03 5.328677049337601375e+02 8.534017869161312220e-01
8.064681640625000000e+03 7.084317871093750000e+03 7.378654296875000000e+03 7.681637695312500000e+03 9.096287642645207825e+02 8.544103903894153529e-01
2.316684082031250000e+03 8.278320312500000000e+03 2.055152099609375000e+03 8.498634765625000000e+03 3.419611616620866243e+02 8.707312335430499317e-01
