# Fibre lengths: [x0, y0, x1, y1, length01, angle01]
2.771267578125000000e+03 9.120886230468750000e+02 2.156092041015625000e+03 1.266925781250000000e+03 7.101762811439689358e+02 1.047605584187614403e+00
6.950020751953125000e+02 1.235793457031250000e+03 5.573754882812500000e+02 1.593204589843750000e+03 3.829932052712273958e+02 3.675656183276205247e-01
8.647731445312500000e+03 1.703489501953125000e+03 7.950094726562500000e+03 2.174534667968750000e+03 8.417722612292200211e+02 9.769084344679009879e-01
7.240854492187500000e+03 1.943084350585937500e+03 7.215570312500000000e+03 2.085822021484375000e+03 1.449597614373741976e+02 1.753187968059016499e-01
1.023375244140625000e+03 3.001795898437500000e+03 1.203501953125000000e+03 3.495706542968750000e+03 5.257312584113831235e+02 3.497056256147778042e-01
6.544501953125000000e+03 6.548793945312500000e+03 6.338375976562500000e+03 7.114704589843750000e+03 6.022813095287110627e+02 3.493019848679956851e-01
3.547735839843750000e+03 6.566975097656250000e+03 2.876095214843750000e+03 7.020534667968750000e+03 8.104427265220227810e+02 9.768399206562810022e-01
1.683074707031250000e+03 6.879826660156250000e+03 1.632806884765625000e+03 7.115173339843750000e+03 2.406551757084380370e+02 2.104285755239859446e-01
3.731017089843750000e+03 8.693783203125000000e+03 3.351301757812500000e+03 9.215757812500000000e+03 6.454775179754801684e+02 6.289183644669168460e-01
5.157347656250000000e+03 9.246646484375000000e+03 5.423886718750000000e+03 9.769167968750000000e+03 5.865763151302925280e+02 4.716962193194792485e-01
