# Fibre lengths: [x0, y0, x1, y1, length01, angle01]
4.034731445312500000e+03 7.434894409179687500e+02 3.667095214843750000e+03 9.915346679687500000e+02 4.434893827544752867e+02 9.772508000579249732e-01
7.953558105468750000e+03 9.979998779296875000e+02 8.531441406250000000e+03 9.980000000000000000e+02 5.778833007812628466e+02 1.570796115557935302e+00
6.397102539062500000e+03 1.850572021484375000e+03 6.539772460937500000e+03 1.932902099609375000e+03 1.647208194852345002e+02 1.047410164186660664e+00
2.076893066406250000e+03 4.131009765625000000e+03 2.589941650390625000e+03 4.175000000000000000e+03 5.149310538788078020e+02 1.485262703165436848e+00
7.885631347656250000e+03 6.181805664062500000e+03 8.640050781250000000e+03 6.550123046875000000e+03 8.395274720137300619e+02 1.116622695184382730e+00
4.031054687500000000e+03 6.602566406250000000e+03 3.974784423828125000e+03 6.961923828125000000e+03 3.637363045261622574e+02 1.553245067320757899e-01
3.468393066406250000e+03 7.510009765625000000e+03 4.366441406250000000e+03 7.540000000000000000e+03 8.985489607439224073e+02 1.537413832851372453e+00
2.118307617187500000e+03 8.907583984375000000e+03 1.371737426757812500e+03 9.052253906250000000e+03 7.604580432433721171e+02 1.379389207557995878e+00
4.197385864257812500e+02 9.387824218750000000e+03 1.985805969238281250e+02 9.859341796875000000e+03 5.208067614782007695e+02 4.385697451174618844e-01
2.310608886718750000e+03 9.550030273437500000e+03 1.739675537109375000e+03 9.692447265625000000e+03 5.884279814556027759e+02 1.326339222739360668e+00
