# Fibre lengths: [x0, y0, x1, y1, length01, angle01]
3.112005126953125000e+03 1.880304199218750000e+03 2.869885253906250000e+03 2.625226074218750000e+03 7.832819624999356165e+02 3.142565025390778310e-01
8.863230468750000000e+03 2.260221679687500000e+03 8.721570312500000000e+03 3.063822021484375000e+03 8.159908756872399636e+02 1.744891566246799253e-01
2.001923980712890625e+02 2.785922851562500000e+03 7.537213134765625000e+02 3.234611572265625000e+03 7.125418080898448352e+02 8.896272893981627128e-01
4.383870605468750000e+03 3.105286132812500000e+03 4.539006835937500000e+03 3.583205078125000000e+03 5.024676788537402672e+02 3.138771514193406942e-01
8.428238281250000000e+03 3.633247070312500000e+03 8.739115234375000000e+03 4.015750488281250000e+03 4.929029770066921401e+02 6.824628741158614842e-01
9.460941406250000000e+03 6.978000000000000000e+03 9.356892578125000000e+03 6.983990234375000000e+03 1.042211185031768110e+02 1.513288429057642492e+00
6.394230468750000000e+03 7.944221679687500000e+03 6.313570312500000000e+03 8.401822265625000000e+03 4.646550947279258139e+02 1.744753327754851036e-01
3.463832519531250000e+03 8.117259765625000000e+03 3.685024902343750000e+03 8.431736328125000000e+03 3.844757190982129487e+02 6.129820094131510633e-01
9.662206054687500000e+03 8.803998046875000000e+03 8.787671875000000000e+03 9.122503906250000000e+03 9.307287542017254509e+02 1.221527087113925214e+00
1.824000000000000000e+03 9.682058593750000000e+03 1.813834594726562500e+03 9.802951171875000000e+03 1.213192108039054915e+02 8.388892347651337456e-02
