# Fibre lengths: [x0, y0, x1, y1, length01, angle01]
6.286958007812500000e+02 6.599948730468750000e+02 4.471870727539062500e+02 7.189940795898437500e+02 1.908568173338435656e+02 1.256520229082392914e+00
9.164531250000000000e+03 1.113758300781250000e+03 8.984832031250000000e+03 1.369740356445312500e+03 3.127596873661302652e+02 6.120665030800499506e-01
3.418708801269531250e+02 1.866285888671875000e+03 5.780052490234375000e+02 2.593695800781250000e+03 7.647774973213513476e+02 3.138913515389369913e-01
3.436166992187500000e+03 3.909113281250000000e+03 3.250085449218750000e+03 4.007920410156250000e+03 2.106874209731730900e+02 1.082666467693059076e+00
2.400441894531250000e+03 5.248000000000000000e+03 2.254947753906250000e+03 5.266982421875000000e+03 1.467272207071603702e+02 1.441060504053262248e+00
7.229731445312500000e+03 5.346489257812500000e+03 7.129094726562500000e+03 5.414534179687500000e+03 1.214819350921833774e+02 9.762611035615363919e-01
2.764216796875000000e+03 5.712448730468750000e+03 2.182647949218750000e+03 6.062548828125000000e+03 6.788169141551603616e+02 1.028913024197617876e+00
1.738441650390625000e+03 6.714000000000000000e+03 9.965582885742187500e+02 6.726000000000000000e+03 7.419804057655517227e+02 1.554622687847142082e+00
8.591738281250000000e+03 7.407323730468750000e+03 8.481123046875000000e+03 7.653762695312500000e+03 2.701256993865915774e+02 4.219009057340855628e-01
9.762520507812500000e+03 8.767065429687500000e+03 9.245479492187500000e+03 9.283934570312500000e+03 7.310848927237913131e+02 7.855644012444970015e-01
