# Fibre lengths: [x0, y0, x1, y1, length01, angle01]
1.630502197265625000e+03 1.682935180664062500e+02 1.431375732421875000e+03 7.142044677734375000e+02 5.810938943158859047e+02 3.497630327161957986e-01
3.097893066406250000e+03 1.434009643554687500e+03 3.659441650390625000e+03 1.472000000000000000e+03 5.628321946705772234e+02 1.503246417964078763e+00
5.656173339843750000e+03 1.905925292968750000e+03 5.277154296875000000e+03 1.987071777343750000e+03 3.876082904935977922e+02 1.359884327076177790e+00
9.272611328125000000e+03 3.244278808593750000e+03 8.967238281250000000e+03 3.620752929687500000e+03 4.847529903064368568e+02 6.814965343379181251e-01
2.246885253906250000e+03 5.206773925781250000e+03 2.435005126953125000e+03 5.784695800781250000e+03 6.077686897485654072e+02 3.146939265397481478e-01
4.245375000000000000e+03 5.401795898437500000e+03 4.406501953125000000e+03 5.843206542968750000e+03 4.698991935818144157e+02 3.499989803613071104e-01
6.426328125000000000e+03 5.562269531250000000e+03 6.634551269531250000e+03 5.907216796875000000e+03 4.029212007088310656e+02 5.430899248392127010e-01
5.556166992187500000e+03 7.548113281250000000e+03 4.805416503906250000e+03 7.930947753906250000e+03 8.427268413362210140e+02 1.099231791245186773e+00
6.637631347656250000e+03 8.877805664062500000e+03 6.785050781250000000e+03 8.950123046875000000e+03 1.642019892021766339e+02 1.114732994450188697e+00
6.336698730468750000e+03 9.441466796875000000e+03 6.177647949218750000e+03 9.544548828125000000e+03 1.895337863887632182e+02 9.957525413892308608e-01
