# Fibre lengths: [x0, y0, x1, y1, length01, angle01]
3.013697265625000000e+03 1.373079833984375000e+02 2.168165283203125000e+03 4.966116638183593750e+02 9.187074986422867369e+02 1.168973175244315765e+00
1.147695556640625000e+03 2.749947509765625000e+02 3.871872253417968750e+02 5.219937744140625000e+02 7.996133062637256899e+02 1.256762081837371703e+00
9.194416015625000000e+03 7.420523681640625000e+02 9.430167968750000000e+03 8.618865966796875000e+02 2.644602535848954972e+02 1.100525693823984463e+00
9.487385253906250000e+02 3.804323730468750000e+03 6.796235961914062500e+02 4.406762695312500000e+03 6.598147857390811168e+02 4.201137899318040381e-01
1.989705078125000000e+03 5.768005859375000000e+03 1.117169555664062500e+03 6.067996093750000000e+03 9.226659084828855839e+02 1.239642700645145146e+00
2.306887451171875000e+03 6.087222656250000000e+03 1.823975585937500000e+03 6.958744628906250000e+03 9.963706230147416818e+02 5.059869050839835847e-01
8.648154296875000000e+03 6.096769531250000000e+03 9.144681640625000000e+03 6.666681640625000000e+03 7.558698403188823249e+02 7.166935945756430781e-01
6.089196289062500000e+03 6.599361816406250000e+03 5.740165039062500000e+03 6.740611328125000000e+03 3.765291994485259011e+02 1.186253260486493710e+00
7.807691894531250000e+03 7.711302734375000000e+03 7.643198242187500000e+03 8.116252929687500000e+03 4.370844567643859477e+02 3.858458627113051098e-01
2.145004882812500000e+03 8.956304687500000000e+03 2.107870605468750000e+03 9.068713867187500000e+03 1.183840286181341526e+02 3.190623923349203417e-01
