# Fibre lengths: [x0, y0, x1, y1, length01, angle01]
1.382251953125000000e+03 9.319990844726562500e+02 1.134581054687500000e+03 1.119021240234375000e+03 3.103516725886925656e+02 9.240241308867096492e-01
5.885684570312500000e+03 1.525815673828125000e+03 5.148154296875000000e+03 2.167637939453125000e+03 9.776945969416019580e+02 8.546733151103559356e-01
9.180671875000000000e+03 2.105495849609375000e+03 9.690206054687500000e+03 2.291001953125000000e+03 5.422523349063269507e+02 1.221642393016170391e+00
3.223721191406250000e+03 2.442388427734375000e+03 2.873648437500000000e+03 2.726592285156250000e+03 4.509132572912214982e+02 8.888760881282335991e-01
2.993222351074218750e+02 4.281760742187500000e+03 4.130169982910156250e+02 4.437216796875000000e+03 1.925956492612864110e+02 6.314661628967362939e-01
4.017017089843750000e+03 4.966783203125000000e+03 3.813796875000000000e+03 5.246247558593750000e+03 3.455412879797489154e+02 6.287340548023316877e-01
9.308884765625000000e+03 5.511773437500000000e+03 9.421006835937500000e+03 5.878205078125000000e+03 3.832016517478628543e+02 2.969372496479197876e-01
3.946928222656250000e+03 6.631223632812500000e+03 4.150912109375000000e+03 7.390648437500000000e+03 7.863430930678639470e+02 2.624094288690839161e-01
5.343157226562500000e+03 7.302271972656250000e+03 5.948679199218750000e+03 8.022684082031250000e+03 9.410900417620267717e+02 6.989655898216228236e-01
1.718307861328125000e+03 8.745583007812500000e+03 1.281571777343750000e+03 8.829865234375000000e+03 4.447942229484771701e+02 1.380157808539755893e+00
