# Fibre lengths: [x0, y0, x1, y1, length01, angle01]
1.506184326171875000e+03 6.178157348632812500e+02 1.217654541015625000e+03 8.971378173828125000e+02 4.015846893313533883e+02 8.016117153968769227e-01
2.073738525390625000e+03 1.692823730468750000e+03 1.792123535156250000e+03 2.293762451171875000e+03 6.636522800119167869e+02 4.382341851662137633e-01
7.392091796875000000e+03 3.440074218750000000e+03 7.822267578125000000e+03 3.688911132812500000e+03 4.969617818043917623e+02 1.046370126604957873e+00
5.408510742187500000e+03 3.653268554687500000e+03 5.088832031250000000e+03 4.125740234375000000e+03 5.704594344327992985e+02 5.948543837843955906e-01
2.302551269531250000e+03 3.772783447265625000e+03 2.008313232421875000e+03 4.261219238281250000e+03 5.702153491682219055e+02 5.421888222438895344e-01
1.506085693359375000e+03 3.833079833984375000e+03 1.845777343750000000e+03 4.013887207031250000e+03 3.848138816274932879e+02 1.081667912799603393e+00
1.779375732421875000e+03 4.838795410156250000e+03 2.088001953125000000e+03 5.641206542968750000e+03 8.597172617593143968e+02 3.671809493762889232e-01
8.658778320312500000e+03 5.383769531250000000e+03 7.819061523437500000e+03 5.531181640625000000e+03 8.525576983080951550e+02 1.397017254848353929e+00
9.877224609375000000e+03 6.238405273437500000e+03 9.718115234375000000e+03 6.367573242187500000e+03 2.049393992474155937e+02 8.888902813078324305e-01
9.587000000000000000e+03 8.571558593750000000e+03 9.570833984375000000e+03 8.891451171875000000e+03 3.203007986263021394e+02 5.049280867091458097e-02
