# Fibre lengths: [x0, y0, x1, y1, length01, angle01]
7.823206542968750000e+03 1.014977874755859375e+02 7.568671875000000000e+03 1.995034027099609375e+02 2.727507980106202581e+02 1.203254062872614050e+00
3.818005126953125000e+03 9.930421447753906250e+01 3.709372558593750000e+03 4.327048034667968750e+02 3.506522317720768456e+02 3.149841969988288470e-01
6.517581054687500000e+03 4.099786987304687500e+02 7.312251953125000000e+03 1.009000915527343750e+03 9.951529797170411484e+02 9.248682175350338985e-01
4.942392578125000000e+03 4.910096435546875000e+02 5.301886718750000000e+03 5.409920654296875000e+02 3.629521726621811695e+02 1.432646539695708432e+00
2.119692138671875000e+03 6.553029785156250000e+02 1.860169677734375000e+03 1.263746826171875000e+03 6.614800250058940492e+02 4.031698989043961401e-01
1.515047119140625000e+03 2.889121337890625000e+03 1.386784301757812500e+03 3.702923583984375000e+03 8.238479508199368411e+02 1.563233889890218442e-01
8.925654296875000000e+03 4.536769531250000000e+03 9.357184570312500000e+03 4.982184570312500000e+03 6.201716971259587581e+02 7.695663830601249256e-01
5.849479492187500000e+03 5.643065429687500000e+03 6.282395507812500000e+03 6.075934570312500000e+03 6.122025559323084281e+02 7.854523050047694799e-01
9.296987915039062500e+02 5.742466796875000000e+03 1.861466064453125000e+02 6.225562988281250000e+03 8.867083974208394466e+02 9.946222559556491261e-01
1.231545898437500000e+03 8.195801757812500000e+03 1.256416503906250000e+03 8.325308593750000000e+03 1.318733012058345366e+02 1.897309688396398297e-01
